S4A	0	0	0	0	1	0
L5Q	0	0	0	0	1	0
K13S	0	0	0	0	1	0
Y14T	0	0	0	0	1	0
L15A	0	0	0	0	1	0
E16T	0	0	0	0	1	0
M17L	0	0	0	0	1	0
T18C	0	0	0	0	1	0
I19L	0	0	0	0	1	0
A20G	0	0	0	0	1	0
R21H	0	0	0	0	1	0
Q22H	0	0	0	0	1	0
R23A	0	0	0	0	1	0
C24V	0	0	0	0	1	0
A25P	0	0	0	0	1	0
L26N	0	0	0	0	1	0
M29I	0	0	0	0	1	0
Q30V	0	0	0	0	1	0
Y31K	0	0	0	0	1	0
Q32T	0	0	0	0	1	0
T33I	0	0	0	0	1	0
E34T	0	0	0	0	1	0
R35N	0	0	0	0	1	0
K36D	0	0	0	0	1	0
Q37R	0	0	0	0	1	0
S38I	0	0	0	0	1	0
Q39E	0	0	0	0	1	0
M40V	0	0	0	0	1	0
E42N	0	0	0	0	1	0
L43A	0	0	0	0	1	0
K44T	0	0	0	0	1	0
L45E	0	0	0	0	1	0
M47V	0	0	0	0	1	0
L48Q	0	0	0	0	1	0
L49N	0	0	0	0	1	0
W51S	0	0	0	0	1	0
P55H	0	0	0	0	1	1
V57I	0	0	0	0	1	0
K58G	0	0	0	0	1	0
Y59E	0	0	0	0	1	0
A60I	0	0	0	0	1	0
T61C	0	0	0	0	1	0
V62N	0	0	0	0	1	0
L63S	0	0	0	0	1	0
I64P	0	0	0	0	1	0
R65H	0	0	0	0	1	0
S66Q	0	0	0	0	1	0
L67I	0	0	0	0	1	0
M68L	0	0	0	0	1	0
E69D	0	0	0	0	1	0
T71G	0	0	0	0	1	0
A72N	0	0	0	0	1	0
H73C	0	0	0	0	1	0
M74T	0	0	0	0	1	0
Y79L	0	0	0	0	1	0
W80L	0	0	0	0	1	0
T82D	0	0	0	0	1	0
L83P	0	0	0	0	1	0
S84Q	0	0	0	0	1	0
V85C	0	0	0	0	1	0
T86D	0	0	0	0	1	0
A87G	0	0	0	0	1	0
K89Q	0	0	0	0	1	0
I90N	0	0	0	0	1	0
R91K	0	0	0	0	1	0
N92E	0	0	0	0	1	0
G93W	0	0	0	0	1	0
T94D	0	0	0	0	1	0
F95L	0	0	0	0	1	0
L96F	0	0	0	0	1	0
L97V	0	0	0	0	1	0
N98E	0	0	0	0	1	0
E99R	0	0	0	0	1	0
A100S	0	0	0	0	1	0
E101R	0	0	0	0	1	0
P102A	0	0	0	0	1	0
T103N	0	0	0	0	1	0
A104S	0	0	0	0	1	0
T105S	0	0	0	0	1	0
V106C	0	0	0	0	1	0
L120Y	0	0	0	0	1	0
H122Y	0	0	0	0	1	0
A126D	0	0	0	0	1	0
H127Y	0	0	0	0	1	0
W128A	0	0	0	0	1	0
K131R	0	0	0	0	1	0
M133L	0	0	0	0	1	0
K134V	0	0	0	0	1	0
I137S	0	0	0	0	1	0
L139T	0	0	0	0	1	0
E140L	0	0	0	0	1	0
S141E	0	0	0	0	1	0
N142F	0	0	0	0	1	0
T144N	0	0	0	0	1	0
Q146S	0	0	0	0	1	0
V147F	0	0	0	0	1	0
L148N	0	0	0	0	1	0
R149W	0	0	0	0	1	0
A150T	0	0	0	0	1	0
S157F	0	0	0	0.2222	1	1
L158V	0	0	0	0	1	0
V159K	0	0	0	0	1	0
D160Q	0	0	0	0	1	0
I161N	0	0	0	0	1	0
P163T	0	0	0	0	1	0
A164S	0	0	0	0	1	0
T165S	0	0	0	0	1	0
T166A	0	0	0	0	1	0
H167C	0	0	0	0	1	0
Q169R	0	0	0	0	1	0
H170G	0	0	0	0	1	0
T172S	0	0	0	0	1	0
L173S	0	0	0	0	1	0
C174S	0	0	0	0	1	0
Q175S	0	0	0	0	1	0
T176F	0	0	0	0	1	0
R177F	0	0	0	0	1	0
N178S	0	0	0	0	1	0
N179R	0	0	0	0	1	0
T181N	0	0	0	0	1	0
H185S	0	0	0	0.2222	1	1
C188N	0	0	0	0	1	0
T189I	0	0	0	0	1	0
F190Y	0	0	0	0	1	0
G191P	0	0	0	0	1	0
G192A	0	0	0	0	1	0
F193Q	0	0	0	0	1	0
T194N	0	0	0	0	1	0
T195V	0	0	0	0	1	0
R196T	0	0	0	0	1	0
V197M	0	0	0	0	1	0
R198P	0	0	0	0	1	0
T199N	0	0	0	0	1	0
R200K	0	0	0	0	1	0
T201E	0	0	0	0	1	0
K202Q	0	0	0	0	1	0
S203F	0	0	0	0	1	0
S204D	0	0	0	0	1	0
C205K	0	0	0	0	1	0
M206L	0	0	0	0	1	1
L207Y	0	0	0	0	1	0
G215D	0	0	0	0.2222	1	1
N216T	0	0	0	0	1	0
H217D	0	0	0	0	1	0
Q218K	0	0	0	0	1	0
E219N	0	0	0	0	1	0
E220Q	0	0	0	0	1	0
S221F	0	0	0	0	1	0
Q222S	0	0	0	0	1	0
Y223L	0	0	0	0	1	0
L224F	0	0	0	0	1	0
P225A	0	0	0	0	1	0
K226Q	0	0	0	0	1	0
E227S	0	0	0	0	1	0
A228S	0	0	0	0	1	0
N229G	0	0	0	0	1	0
K230R	0	0	0	0	1	0
L231I	0	0	0	0	1	0
S232T	0	0	0	0	1	0
Q233V	0	0	0	0	1	0
I234S	0	0	0	0	1	0
S235T	0	0	0	0	1	0
D236K	0	0	0	0	1	0
L237R	0	0	0	0	1	0
D238S	0	0	0	0	1	0
P239Q	0	0	0	0	1	0
E240Q	0	0	0	0	1	0
G241A	0	0	0	0	1	0
I242V	0	0	0	0	1	0
S243I	0	0	0	0	1	0
L244P	0	0	0	0	1	0
A245N	0	0	0	0	1	0
E246I	0	0	0	0	1	0
A247G	0	0	0	0	1	0
I249R	0	0	0	0	1	0
G250P	0	0	0	0	1	0
Q251R	0	0	0	0	1	0
N252I	0	0	0	0	1	0
E254D	0	0	0	0	1	0
T255I	0	0	0	0	1	0
F263W	0	0	0	0	1	0
L264T	0	0	0	0	1	0
T265I	0	0	0	0	1	0
A266V	0	0	0	0	1	0
Q267K	0	0	0	0	1	0
G270D	0	0	0	0	1	0
L274I	0	0	0	0	1	0
G275N	0	0	0	0	1	0
V276S	0	0	0	0	1	0
S278G	0	0	0	0	1	0
K279N	0	0	0	0	1	0
Y280L	0	0	0	0	1	0
E281I	0	0	0	0	1	0
V282A	0	0	0	0	1	0
G283P	0	0	0	0	1	0
K284R	0	0	0	0	1	0
A285G	0	0	0	0	1	0
Q286Y	0	0	0	0	1	0
D287F	0	0	0	0	1	0
Q288K	0	0	0	0	1	0
M289I	0	0	0	0	1	0
H290R	0	0	0	0	1	0
A295V	0	0	0	0	1	1
L297G	0	0	0	0	1	0
N298K	0	0	0	0	1	0
A299S	0	0	0	0	1	0
L301I	0	0	0	0	1	0
Q302M	0	0	0	0	1	0
M303R	0	0	0	0	1	0
E304S	0	0	0	0	1	0
A305D	0	0	0	0	1	0
F306A	0	0	0	0	1	0
M308I	0	0	0	0	1	0
T309G	0	0	0	0	1	0
N310K	0	0	0	0	1	0
R311C	0	0	0	0	1	0
S312K	0	0	0	0	1	0
K313S	0	0	0	0	1	0
M314E	0	0	0	0	1	0
T315C	0	0	0	0	1	0
G316I	0	0	0	0	1	0
S317T	0	0	0	0	1	0
H318P	0	0	0	0	1	0
T319N	0	0	0	0	1	0
P321S	0	0	0	0	1	0
V322I	0	0	0	0	1	0
D324N	0	0	0	0	1	0
F52S	0	0	0	0	0.7778	0
F14Y	0	0	0	0	0	1
C61A	0	0	0	0	0	1
E98K	0	0	0	0	0	1
I113V	0	0	0	0	0	1
L149R	0	0	0	0.2222	0	1
T164A	0	0	0	0	0	1
C167Y	0	0	0	0	0	1
M197I	0	0	0	0	0	1
D204P	0	0	0	0	0	1
N294D	0	0	0	0	0	1
H311R	0	0	0	0.2222	0	1
