2021	S4A	1	0.000217462643107058
2021	L5Q	1	0.000217462643107058
2021	K13S	1	0.000217462643107058
2021	Y14T	1	0.000217462643107058
2021	L15A	1	0.000217462643107058
2021	E16T	1	0.000217462643107058
2021	M17L	1	0.000217462643107058
2021	T18C	1	0.000217462643107058
2021	I19L	1	0.000217462643107058
2021	A20G	1	0.000217462643107058
2021	R21H	1	0.000217462643107058
2021	Q22H	1	0.000217462643107058
2021	R23A	1	0.000217462643107058
2021	C24V	1	0.000217462643107058
2021	A25P	1	0.000217462643107058
2021	L26N	1	0.000217462643107058
2021	M29I	1	0.000217462643107058
2021	Q30V	1	0.000217462643107058
2021	Y31K	1	0.000217462643107058
2021	Q32T	1	0.000217462643107058
2021	T33I	1	0.000217462643107058
2021	E34T	1	0.000217462643107058
2021	R35N	1	0.000217462643107058
2021	K36D	1	0.000217462643107058
2021	Q37R	1	0.000217462643107058
2021	S38I	1	0.000217462643107058
2021	Q39E	1	0.000217462643107058
2021	M40V	1	0.000217462643107058
2021	E42N	1	0.000217462643107058
2021	L43A	1	0.000217462643107058
2021	K44T	1	0.000217462643107058
2021	L45E	1	0.000217462643107058
2021	M47V	1	0.000217462643107058
2021	L48Q	1	0.000217462643107058
2021	L49N	1	0.000217462643107058
2021	W51S	1	0.000217462643107058
2021	P55H	1	0.000217462643107058
2021	V57I	1	0.000217462643107058
2021	K58G	1	0.000217462643107058
2021	Y59E	1	0.000217462643107058
2021	A60I	1	0.000217462643107058
2021	T61C	1	0.000217462643107058
2021	V62N	1	0.000217462643107058
2021	L63S	1	0.000217462643107058
2021	I64P	1	0.000217462643107058
2021	R65H	1	0.000217462643107058
2021	S66Q	1	0.000217462643107058
2021	L67I	1	0.000217462643107058
2021	M68L	1	0.000217462643107058
2021	E69D	1	0.000217462643107058
2021	T71G	1	0.000217462643107058
2021	A72N	1	0.000217462643107058
2021	H73C	1	0.000217462643107058
2021	M74T	1	0.000217462643107058
2021	Y79L	1	0.000217462643107058
2021	W80L	1	0.000217462643107058
2021	T82D	1	0.000217462643107058
2021	L83P	1	0.000217462643107058
2021	S84Q	1	0.000217462643107058
2021	V85C	1	0.000217462643107058
2021	T86D	1	0.000217462643107058
2021	A87G	1	0.000217462643107058
2021	K89Q	1	0.000217462643107058
2021	I90N	1	0.000217462643107058
2021	R91K	1	0.000217462643107058
2021	N92E	1	0.000217462643107058
2021	G93W	1	0.000217462643107058
2021	T94D	1	0.000217462643107058
2021	F95L	1	0.000217462643107058
2021	L96F	1	0.000217462643107058
2021	L97V	1	0.000217462643107058
2021	N98E	1	0.000217462643107058
2021	E99R	1	0.000217462643107058
2021	A100S	1	0.000217462643107058
2021	E101R	1	0.000217462643107058
2021	P102A	1	0.000217462643107058
2021	T103N	1	0.000217462643107058
2021	A104S	1	0.000217462643107058
2021	T105S	1	0.000217462643107058
2021	V106C	1	0.000217462643107058
2021	L120Y	1	0.000217462643107058
2021	H122Y	1	0.000217462643107058
2021	A126D	1	0.000217462643107058
2021	H127Y	1	0.000217462643107058
2021	W128A	1	0.000217462643107058
2021	K131R	1	0.000217462643107058
2021	M133L	1	0.000217462643107058
2021	K134V	1	0.000217462643107058
2021	I137S	1	0.000217462643107058
2021	L139T	1	0.000217462643107058
2021	E140L	1	0.000217462643107058
2021	S141E	1	0.000217462643107058
2021	N142F	1	0.000217462643107058
2021	T144N	1	0.000217462643107058
2021	Q146S	1	0.000217462643107058
2021	V147F	1	0.000217462643107058
2021	L148N	1	0.000217462643107058
2021	R149W	1	0.000217462643107058
2021	A150T	1	0.000217462643107058
2021	S157F	1	0.0118275515334339
2021	L158V	1	0.000217462643107058
2021	V159K	1	0.000217462643107058
2021	D160Q	1	0.000217462643107058
2021	I161N	1	0.000217462643107058
2021	P163T	1	0.000217462643107058
2021	A164S	1	0.000217462643107058
2021	T165S	1	0.000217462643107058
2021	T166A	1	0.000217462643107058
2021	H167C	1	0.000217462643107058
2021	Q169R	1	0.000217462643107058
2021	H170G	1	0.000217462643107058
2021	T172S	1	0.000217462643107058
2021	L173S	1	0.000217462643107058
2021	C174S	1	0.000217462643107058
2021	Q175S	1	0.000217462643107058
2021	T176F	1	0.000217462643107058
2021	R177F	1	0.000217462643107058
2021	N178S	1	0.000217462643107058
2021	N179R	1	0.000217462643107058
2021	T181N	1	0.000217462643107058
2021	H185S	1	0.0118275515334339
2021	C188N	1	0.000217462643107058
2021	T189I	1	0.000217462643107058
2021	F190Y	1	0.000217462643107058
2021	G191P	1	0.000217462643107058
2021	G192A	1	0.000217462643107058
2021	F193Q	1	0.000217462643107058
2021	T194N	1	0.000217462643107058
2021	T195V	1	0.000217462643107058
2021	R196T	1	0.000217462643107058
2021	V197M	1	0.000217462643107058
2021	R198P	1	0.000217462643107058
2021	T199N	1	0.000217462643107058
2021	R200K	1	0.000217462643107058
2021	T201E	1	0.000217462643107058
2021	K202Q	1	0.000217462643107058
2021	S203F	1	0.000217462643107058
2021	S204D	1	0.000217462643107058
2021	C205K	1	0.000217462643107058
2021	M206L	1	0.000217462643107058
2021	L207Y	1	0.000217462643107058
2021	G215D	1	0.0118275515334339
2021	N216T	1	0.000217462643107058
2021	H217D	1	0.000217462643107058
2021	Q218K	1	0.000217462643107058
2021	E219N	1	0.000217462643107058
2021	E220Q	1	0.000217462643107058
2021	S221F	1	0.000217462643107058
2021	Q222S	1	0.000217462643107058
2021	Y223L	1	0.000217462643107058
2021	L224F	1	0.000217462643107058
2021	P225A	1	0.000217462643107058
2021	K226Q	1	0.000217462643107058
2021	E227S	1	0.000217462643107058
2021	A228S	1	0.000217462643107058
2021	N229G	1	0.000217462643107058
2021	K230R	1	0.000217462643107058
2021	L231I	1	0.000217462643107058
2021	S232T	1	0.000217462643107058
2021	Q233V	1	0.000217462643107058
2021	I234S	1	0.000217462643107058
2021	S235T	1	0.000217462643107058
2021	D236K	1	0.000217462643107058
2021	L237R	1	0.000217462643107058
2021	D238S	1	0.000217462643107058
2021	P239Q	1	0.000217462643107058
2021	E240Q	1	0.000217462643107058
2021	G241A	1	0.000217462643107058
2021	I242V	1	0.000217462643107058
2021	S243I	1	0.000217462643107058
2021	L244P	1	0.000217462643107058
2021	A245N	1	0.000217462643107058
2021	E246I	1	0.000217462643107058
2021	A247G	1	0.000217462643107058
2021	I249R	1	0.000217462643107058
2021	G250P	1	0.000217462643107058
2021	Q251R	1	0.000217462643107058
2021	N252I	1	0.000217462643107058
2021	E254D	1	0.000217462643107058
2021	T255I	1	0.000217462643107058
2021	F263W	1	0.000217462643107058
2021	L264T	1	0.000217462643107058
2021	T265I	1	0.000217462643107058
2021	A266V	1	0.000217462643107058
2021	Q267K	1	0.000217462643107058
2021	G270D	1	0.000217462643107058
2021	L274I	1	0.000217462643107058
2021	G275N	1	0.000217462643107058
2021	V276S	1	0.000217462643107058
2021	S278G	1	0.000217462643107058
2021	K279N	1	0.000217462643107058
2021	Y280L	1	0.000217462643107058
2021	E281I	1	0.000217462643107058
2021	V282A	1	0.000217462643107058
2021	G283P	1	0.000217462643107058
2021	K284R	1	0.000217462643107058
2021	A285G	1	0.000217462643107058
2021	Q286Y	1	0.000217462643107058
2021	D287F	1	0.000217462643107058
2021	Q288K	1	0.000217462643107058
2021	M289I	1	0.000217462643107058
2021	H290R	1	0.000217462643107058
2021	A295V	1	0.000217462643107058
2021	L297G	1	0.000217462643107058
2021	N298K	1	0.000217462643107058
2021	A299S	1	0.000217462643107058
2021	L301I	1	0.000217462643107058
2021	Q302M	1	0.000217462643107058
2021	M303R	1	0.000217462643107058
2021	E304S	1	0.000217462643107058
2021	A305D	1	0.000217462643107058
2021	F306A	1	0.000217462643107058
2021	M308I	1	0.000217462643107058
2021	T309G	1	0.000217462643107058
2021	N310K	1	0.000217462643107058
2021	R311C	1	0.000217462643107058
2021	S312K	1	0.000217462643107058
2021	K313S	1	0.000217462643107058
2021	M314E	1	0.000217462643107058
2021	T315C	1	0.000217462643107058
2021	G316I	1	0.000217462643107058
2021	S317T	1	0.000217462643107058
2021	H318P	1	0.000217462643107058
2021	T319N	1	0.000217462643107058
2021	P321S	1	0.000217462643107058
2021	V322I	1	0.000217462643107058
2021	D324N	1	0.000217462643107058
2021	F52S	0.7778	0.0118275515334339
2022	F14Y	1	0.000217462643107058
2022	C61A	1	0.000217462643107058
2022	E98K	1	0.000217462643107058
2022	I113V	1	0.000217462643107058
2022	L149R	1	0.000217462643107058
2022	T164A	1	0.000217462643107058
2022	C167Y	1	0.000217462643107058
2022	M197I	1	0.000217462643107058
2022	D204P	1	0.000217462643107058
2022	N294D	1	0.000217462643107058
2022	H311R	1	0.000217462643107058
