W169R	0.1429	1	0.7143	0.7143	0	1
C191T	0.1429	1	0.7143	0.7143	0	0.8571
S219V	0.1429	1	0.7143	0.7143	0	1
S264L	0.1429	1	0.7143	0.7143	0	1
D310T	0.1429	1	0.7143	0.7143	0	1
L4I	0	0	0	0	1	0
S7F	0	0	0	0	1	0
H8M	0	0	0	0	1	0
N9Q	0	0	0	0	1	0
F10I	0	0	0	0	1	0
H11A	0	0	0	0	1	0
N12I	0	0	0	0	1	0
M13L	0	0	0	0	1	0
L14I	0	0	0	0	1	0
A21F	0	0	0	0	1	0
C28S	0	0	0	0	1	0
H29P	0	0	0	0	1	0
D31N	0	0	0	0	1	0
Y36L	0	0	0	0	1	0
N40T	0	0	0	0	1	0
A42I	0	0	0	0	1	0
F43E	0	0	0	0	1	0
Q44R	0	0	0	0	1	0
A45N	0	0	0	0	1	0
I47T	0	0	0	0	1	0
Q48E	0	0	0	0	1	0
L49I	0	0	0	0	1	0.1429
P66A	0	0	0	0	1	0
S75Q	0	0	0	0	1	0
D76C	0	0	0	0	1	0
A77G	0	0	0	0	1	0
V78I	0	0	0	0	1	0
N89S	0	0	0	0	1	0
N90I	0	0	0	0	1	0
K92L	0	0	0	0	1	0
K93S	0	0	0	0	1	0
H94A	0	0	0	0	1	0
N95G	0	0	0	0	1	0
R96G	0	0	0	0	1	0
S98I	0	0	0	0	1	0
V99W	0	0	0	0	1	0
F100V	0	0	0	0	1	0
D101T	0	0	0	0	1	0
Q102R	0	0	0	0	1	0
H103E	0	0	0	0	1	0
H104P	0	0	0	0	1	0
H105Y	0	0	0	0	1	0
R106V	0	0	0	0	1	0
E107S	0	0	0	0	1	0
N122T	0	0	0	0	1	0
M123T	0	0	0	0	1	0
P124L	0	0	0	0	1	0
Q125N	0	0	0	0	1	0
T126N	0	0	0	0	1	0
S127V	0	0	0	0	1	0
R128H	0	0	0	0	1	0
I129S	0	0	0	0	1	0
Q130N	0	0	0	0	1	0
K131N	0	0	0	0	1	0
L132T	0	0	0	0	1	0
K134R	0	0	0	0	1	0
T135D	0	0	0	0	1	0
A137T	0	0	0	0	1	0
M138P	0	0	0	0	1	0
W139Y	0	0	0	0	1	0
H140R	0	0	0	0	1	0
Y141T	0	0	0	0	1	0
R142L	0	0	0	0	1	0
I143L	0	0	0	0	1	0
C144M	0	0	0	0	1	0
T145N	0	0	0	0	1	0
F146E	0	0	0	0	1	0
Q149V	0	0	0	0	1	0
A152P	0	0	0	0	1	0
R154D	0	0	0	0	1	0
D161T	0	0	0	0	1	0
R163Q	0	0	0	0	1	0
L165V	0	0	0	0	1	0
V167I	0	0	0	0	1	0
M168A	0	0	0	0	1	0
R169W	0	0	0	0	1	0
Q171S	0	0	0	0	1	0
V172S	0	0	0	0	1	0
S182H	0	0	0	0	1	0
I183V	0	0	0	0	1	0
P185I	0	0	0	0	1	0
W186T	0	0	0	0	1	0
T187G	0	0	0	0	1	0
G188D	0	0	0	0	1	0
N189D	0	0	0	0	1	0
N190K	0	0	0	0	1	0
T191N	0	0	0	0	1	0.1429
K192A	0	0	0	0	1	0
Q193T	0	0	0	0	1	0
C194A	0	0	0	0	1	0
A195S	0	0	0	0	1	0
K197I	0	0	0	0	1	0
H198Y	0	0	0	0	1	0
S199N	0	0	0	0	1	0
T200G	0	0	0	0	1	0
N201R	0	0	0	0	1	0
P202L	0	0	0	0	1	0
L203V	0	0	0	0	1	0
S204D	0	0	0	0	1	0
D205S	0	0	0	0	1	0
S206V	0	0	0	0	1	0
I207V	0	0	0	0	1	0
D217Q	0	0	0	0	1	0
V219S	0	0	0	0	1	0
G220E	0	0	0	0	1	0
S222V	0	0	0	0	1	0
F223C	0	0	0	0	1	0
P224I	0	0	0	0	1	0
S225N	0	0	0	0	1	0
D227T	0	0	0	0	1	0
Q228C	0	0	0	0	1	0
A229T	0	0	0	0	1	0
S230V	0	0	0	0	1	0
V235T	0	0	0	0	1	0
Q236D	0	0	0	0	1	0
L237G	0	0	0	0	1	0
K238N	0	0	0	0	1	0
L239A	0	0	0	0	1	0
S240T	0	0	0	0	1	0
R241G	0	0	0	0	1	0
W242K	0	0	0	0	1	0
K243A	0	0	0	0	1	0
S244D	0	0	0	0	1	0
M245T	0	0	0	0	1	0
A246K	0	0	0	0	1	0
A247I	0	0	0	0	1	0
C248L	0	0	0	0	1	0
L249F	0	0	0	0	1	0
Y250I	0	0	0	0	1	0
N251E	0	0	0	0	1	0
G252E	0	0	0	0	1	0
C255I	0	0	0	0	1	0
N256V	0	0	0	0	1	0
C263G	0	0	0	0	1	0
L264S	0	0	0	0	1	0
H265A	0	0	0	0	1	0
L266Q	0	0	0	0	1	0
Q267H	0	0	0	0	1	0
W268V	0	0	0	0	1	0
A270E	0	0	0	0	1	0
R272S	0	0	0	0	1	0
C274M	0	0	0	0	1	0
F275E	0	0	0	0	1	0
V277L	0	0	0	0	1	0
R279E	0	0	0	0	1	0
S281P	0	0	0	0	1	0
Q282R	0	0	0	0	1	0
N283Y	0	0	0	0	1	0
M288F	0	0	0	0	1	0
R289I	0	0	0	0	1	0
Y291A	0	0	0	0	1	0
L295C	0	0	0	0	1	0
Y296V	0	0	0	0	1	0
S297C	0	0	0	0	1	0
S298R	0	0	0	0	1	0
N299D	0	0	0	0	1	0
D300N	0	0	0	0	1	0
C303G	0	0	0	0	1	0
Y304S	0	0	0	0	1	0
R305N	0	0	0	0	1	0
K306R	0	0	0	0	1	0
S307P	0	0	0	0	1	0
Y308I	0	0	0	0	1	0
N309I	0	0	0	0	1	0
T310D	0	0	0	0	1	0
H312N	0	0	0	0	1	0
G313I	0	0	0	0	1	0
G314K	0	0	0	0	1	0
E315D	0	0	0	0	1	0
N316H	0	0	0	0	1	0
R317S	0	0	0	0	1	0
S318A	0	0	0	0	1	0
Q320S	0	0	0	0	1	0
R323S	0	0	0	0	1	0
K324R	0	0	0	0	1	0
C325Y	0	0	0	0	1	0
S326P	0	0	0	0	1	0
A327T	0	0	0	0	1	0
C328G	0	0	0	0	1	0
R194C	0	0	0	0	0	1
D201N	0	0	0	0.1429	0	1
D283N	0	0	0	0	0	1
