2018	W169R	1	0.0244231424006705
2018	C191T	1	0.0244231424006705
2018	S219V	1	0.0244231424006705
2018	S264L	1	0.0244231424006705
2018	D310T	1	0.0244231424006705
2021	L4I	1	0.00311412560696228
2021	S7F	1	0.00311412560696228
2021	H8M	1	0.00311412560696228
2021	N9Q	1	0.00311412560696228
2021	F10I	1	0.00311412560696228
2021	H11A	1	0.00311412560696228
2021	N12I	1	0.00311412560696228
2021	M13L	1	0.00311412560696228
2021	L14I	1	0.00311412560696228
2021	A21F	1	0.00311412560696228
2021	C28S	1	0.00311412560696228
2021	H29P	1	0.00311412560696228
2021	D31N	1	0.00311412560696228
2021	Y36L	1	0.00311412560696228
2021	N40T	1	0.00311412560696228
2021	A42I	1	0.00311412560696228
2021	F43E	1	0.00311412560696228
2021	Q44R	1	0.00311412560696228
2021	A45N	1	0.00311412560696228
2021	I47T	1	0.00311412560696228
2021	Q48E	1	0.00311412560696228
2021	L49I	1	0.00311412560696228
2021	P66A	1	0.00311412560696228
2021	S75Q	1	0.00311412560696228
2021	D76C	1	0.00311412560696228
2021	A77G	1	0.00311412560696228
2021	V78I	1	0.00311412560696228
2021	N89S	1	0.00311412560696228
2021	N90I	1	0.00311412560696228
2021	K92L	1	0.00311412560696228
2021	K93S	1	0.00311412560696228
2021	H94A	1	0.00311412560696228
2021	N95G	1	0.00311412560696228
2021	R96G	1	0.00311412560696228
2021	S98I	1	0.00311412560696228
2021	V99W	1	0.00311412560696228
2021	F100V	1	0.00311412560696228
2021	D101T	1	0.00311412560696228
2021	Q102R	1	0.00311412560696228
2021	H103E	1	0.00311412560696228
2021	H104P	1	0.00311412560696228
2021	H105Y	1	0.00311412560696228
2021	R106V	1	0.00311412560696228
2021	E107S	1	0.00311412560696228
2021	N122T	1	0.00311412560696228
2021	M123T	1	0.00311412560696228
2021	P124L	1	0.00311412560696228
2021	Q125N	1	0.00311412560696228
2021	T126N	1	0.00311412560696228
2021	S127V	1	0.00311412560696228
2021	R128H	1	0.00311412560696228
2021	I129S	1	0.00311412560696228
2021	Q130N	1	0.00311412560696228
2021	K131N	1	0.00311412560696228
2021	L132T	1	0.00311412560696228
2021	K134R	1	0.00311412560696228
2021	T135D	1	0.00311412560696228
2021	A137T	1	0.00311412560696228
2021	M138P	1	0.00311412560696228
2021	W139Y	1	0.00311412560696228
2021	H140R	1	0.00311412560696228
2021	Y141T	1	0.00311412560696228
2021	R142L	1	0.00311412560696228
2021	I143L	1	0.00311412560696228
2021	C144M	1	0.00311412560696228
2021	T145N	1	0.00311412560696228
2021	F146E	1	0.00311412560696228
2021	Q149V	1	0.00311412560696228
2021	A152P	1	0.00311412560696228
2021	R154D	1	0.00311412560696228
2021	D161T	1	0.00311412560696228
2021	R163Q	1	0.00311412560696228
2021	L165V	1	0.00311412560696228
2021	V167I	1	0.00311412560696228
2021	M168A	1	0.00311412560696228
2021	R169W	1	0.00311412560696228
2021	Q171S	1	0.00311412560696228
2021	V172S	1	0.00311412560696228
2021	S182H	1	0.00311412560696228
2021	I183V	1	0.00311412560696228
2021	P185I	1	0.00311412560696228
2021	W186T	1	0.00311412560696228
2021	T187G	1	0.00311412560696228
2021	G188D	1	0.00311412560696228
2021	N189D	1	0.00311412560696228
2021	N190K	1	0.00311412560696228
2021	T191N	1	0.00311412560696228
2021	K192A	1	0.00311412560696228
2021	Q193T	1	0.00311412560696228
2021	C194A	1	0.00311412560696228
2021	A195S	1	0.00311412560696228
2021	K197I	1	0.00311412560696228
2021	H198Y	1	0.00311412560696228
2021	S199N	1	0.00311412560696228
2021	T200G	1	0.00311412560696228
2021	N201R	1	0.00311412560696228
2021	P202L	1	0.00311412560696228
2021	L203V	1	0.00311412560696228
2021	S204D	1	0.00311412560696228
2021	D205S	1	0.00311412560696228
2021	S206V	1	0.00311412560696228
2021	I207V	1	0.00311412560696228
2021	D217Q	1	0.00311412560696228
2021	V219S	1	0.00311412560696228
2021	G220E	1	0.00311412560696228
2021	S222V	1	0.00311412560696228
2021	F223C	1	0.00311412560696228
2021	P224I	1	0.00311412560696228
2021	S225N	1	0.00311412560696228
2021	D227T	1	0.00311412560696228
2021	Q228C	1	0.00311412560696228
2021	A229T	1	0.00311412560696228
2021	S230V	1	0.00311412560696228
2021	V235T	1	0.00311412560696228
2021	Q236D	1	0.00311412560696228
2021	L237G	1	0.00311412560696228
2021	K238N	1	0.00311412560696228
2021	L239A	1	0.00311412560696228
2021	S240T	1	0.00311412560696228
2021	R241G	1	0.00311412560696228
2021	W242K	1	0.00311412560696228
2021	K243A	1	0.00311412560696228
2021	S244D	1	0.00311412560696228
2021	M245T	1	0.00311412560696228
2021	A246K	1	0.00311412560696228
2021	A247I	1	0.00311412560696228
2021	C248L	1	0.00311412560696228
2021	L249F	1	0.00311412560696228
2021	Y250I	1	0.00311412560696228
2021	N251E	1	0.00311412560696228
2021	G252E	1	0.00311412560696228
2021	C255I	1	0.00311412560696228
2021	N256V	1	0.00311412560696228
2021	C263G	1	0.00311412560696228
2021	L264S	1	0.00311412560696228
2021	H265A	1	0.00311412560696228
2021	L266Q	1	0.00311412560696228
2021	Q267H	1	0.00311412560696228
2021	W268V	1	0.00311412560696228
2021	A270E	1	0.00311412560696228
2021	R272S	1	0.00311412560696228
2021	C274M	1	0.00311412560696228
2021	F275E	1	0.00311412560696228
2021	V277L	1	0.00311412560696228
2021	R279E	1	0.00311412560696228
2021	S281P	1	0.00311412560696228
2021	Q282R	1	0.00311412560696228
2021	N283Y	1	0.00311412560696228
2021	M288F	1	0.00311412560696228
2021	R289I	1	0.00311412560696228
2021	Y291A	1	0.00311412560696228
2021	L295C	1	0.00311412560696228
2021	Y296V	1	0.00311412560696228
2021	S297C	1	0.00311412560696228
2021	S298R	1	0.00311412560696228
2021	N299D	1	0.00311412560696228
2021	D300N	1	0.00311412560696228
2021	C303G	1	0.00311412560696228
2021	Y304S	1	0.00311412560696228
2021	R305N	1	0.00311412560696228
2021	K306R	1	0.00311412560696228
2021	S307P	1	0.00311412560696228
2021	Y308I	1	0.00311412560696228
2021	N309I	1	0.00311412560696228
2021	T310D	1	0.00311412560696228
2021	H312N	1	0.00311412560696228
2021	G313I	1	0.00311412560696228
2021	G314K	1	0.00311412560696228
2021	E315D	1	0.00311412560696228
2021	N316H	1	0.00311412560696228
2021	R317S	1	0.00311412560696228
2021	S318A	1	0.00311412560696228
2021	Q320S	1	0.00311412560696228
2021	R323S	1	0.00311412560696228
2021	K324R	1	0.00311412560696228
2021	C325Y	1	0.00311412560696228
2021	S326P	1	0.00311412560696228
2021	A327T	1	0.00311412560696228
2021	C328G	1	0.00311412560696228
2022	R194C	1	0.00311412560696228
2022	D201N	1	0.00311412560696228
2022	D283N	1	0.00311412560696228
