R22Q	0	0.2222	1	0.3333	0	1
D94T	0	0.2222	1	0.3333	0	0.8889
P55H	0	0	0	0	1	1
T172A	0	0	0	0	1	0.8889
S4A	0	0	0	0	0.7778	0
L5Q	0	0	0	0	0.7778	0
K13S	0	0	0	0	0.7778	0
Y14T	0	0	0	0	0.7778	0
L15A	0	0	0	0	0.7778	0
E16T	0	0	0	0	0.7778	0
M17L	0	0	0	0	0.7778	0
T18C	0	0	0	0	0.7778	0
I19L	0	0	0	0	0.7778	0
A20G	0	0	0	0	0.7778	0
R21H	0	0	0	0	0.7778	0
Q22H	0	0	0	0	0.7778	0
R23A	0	0	0	0	0.7778	0
C24V	0	0	0	0	0.7778	0
A25P	0	0	0	0	0.7778	0
L26N	0	0	0	0	0.7778	0
M29I	0	0	0	0	0.7778	0
Q30V	0	0	0	0	0.7778	0
Y31K	0	0	0	0	0.7778	0
Q32T	0	0	0	0	0.7778	0
T33I	0	0	0	0	0.7778	0
E34T	0	0	0	0	0.7778	0
R35N	0	0	0	0	0.7778	0
K36D	0	0	0	0	0.7778	0
Q37R	0	0	0	0	0.7778	0
S38I	0	0	0	0	0.7778	0
Q39E	0	0	0	0	0.7778	0
M40V	0	0	0	0	0.7778	0
E42N	0	0	0	0	0.7778	0
L43A	0	0	0	0	0.7778	0
K44T	0	0	0	0	0.7778	0
L45E	0	0	0	0	0.7778	0
M47V	0	0	0	0	0.7778	0
L48Q	0	0	0	0	0.7778	0
L49N	0	0	0	0	0.7778	0
W51S	0	0	0	0	0.7778	0
V57I	0	0	0	0	0.7778	0
K58G	0	0	0	0	0.7778	0
Y59E	0	0	0	0	0.7778	0
A60I	0	0	0	0	0.7778	0
T61C	0	0	0	0	0.7778	0
V62N	0	0	0	0	0.7778	0
L63S	0	0	0	0	0.7778	0
I64P	0	0	0	0	0.7778	0
R65H	0	0	0	0	0.7778	0
S66Q	0	0	0	0	0.7778	0
L67I	0	0	0	0	0.7778	0
M68L	0	0	0	0	0.7778	0
E69D	0	0	0	0	0.7778	0
T71G	0	0	0	0	0.7778	0
A72N	0	0	0	0	0.7778	0
H73C	0	0	0	0	0.7778	0
M74T	0	0	0	0	0.7778	0
Y79L	0	0	0	0	0.7778	0
W80L	0	0	0	0	0.7778	0
T82D	0	0	0	0	0.7778	0
L83P	0	0	0	0	0.7778	0
S84Q	0	0	0	0	0.7778	0
V85C	0	0	0	0	0.7778	0
T86D	0	0	0	0	0.7778	0
A87G	0	0	0	0	0.7778	0
K89Q	0	0	0	0	0.7778	0
I90N	0	0	0	0	0.7778	0
R91K	0	0	0	0	0.7778	0
N92E	0	0	0	0	0.7778	0
G93W	0	0	0	0	0.7778	0
I94D	0	0	0	0	0.7778	0
F95L	0	0	0	0	0.7778	0
L96F	0	0	0	0	0.7778	0
L97V	0	0	0	0	0.7778	0
N98E	0	0	0	0	0.7778	0
E99R	0	0	0	0	0.7778	0
A100S	0	0	0	0	0.7778	0
E101R	0	0	0	0	0.7778	0
P102A	0	0	0	0	0.7778	0
T103N	0	0	0	0	0.7778	0
A104S	0	0	0	0	0.7778	0
A105S	0	0	0	0	0.7778	0
V106C	0	0	0	0	0.7778	0
T114Y	0	0	0	0	0.7778	0
L115A	0	0	0	0	0.7778	0
M116S	0	0	0	0	0.7778	0
M117L	0	0	0	0	0.7778	0
C118R	0	0	0	0	0.7778	0
R119S	0	0	0	0	0.7778	0
I120L	0	0	0	0	0.7778	0
M121V	0	0	0	0	0.7778	0
P122A	0	0	0	0	0.7778	0
P123S	0	0	0	0	0.7778	0
L124S	0	0	0	0	0.7778	0
H126T	0	0	0	0	0.7778	0
P128E	0	0	0	0	0.7778	0
H129F	0	0	0	0	0.7778	0
P130K	0	0	0	0	0.7778	0
A131N	0	0	0	0	0.7778	0
H132E	0	0	0	0	0.7778	0
S137T	0	0	0	0	0.7778	0
L138G	0	0	0	0	0.7778	0
K139V	0	0	0	0	0.7778	0
M140K	0	0	0	0	0.7778	0
K141Q	0	0	0	0	0.7778	0
A142N	0	0	0	0	0.7778	0
S143G	0	0	0	0	0.7778	0
I144T	0	0	0	0	0.7778	0
G145S	0	0	0	0	0.7778	0
L146S	0	0	0	0	0.7778	0.1111
E147A	0	0	0	0	0.7778	0
S148C	0	0	0	0	0.7778	0
N149I	0	0	0	0	0.7778	0
K150R	0	0	0	0	0.7778	0
T151G	0	0	0	0	0.7778	0
E152S	0	0	0	0	0.7778	0
Q153S	0	0	0	0	0.7778	0
V154S	0	0	0	0	0.7778	0
L155S	0	0	0	0	0.7778	0
R156F	0	0	0	0	0.7778	0
A157F	0	0	0	0	0.7778	0
G158S	0	0	0	0	0.7778	0
D159R	0	0	0	0	0.7778	0
V161N	0	0	0	0	0.7778	0
V163L	0	0	0	0	0.7778	0
V164T	0	0	0	0	0.7778	0
F165S	0	0	0	0	0.7778	0
V167N	0	0	0	0	0.7778	0
D168N	0	0	0	0	0.7778	0
G170Y	0	0	0	0	0.7778	0
T173Q	0	0	0	0	0.7778	0
T174N	0	0	0	0	0.7778	0
Y190G	0	0	0	0	0.7778	0
I191V	0	0	0	0	0.7778	0
Q192H	0	0	0	0	0.7778	0
R194P	0	0	0	0	0.7778	0
T195D	0	0	0	0	0.7778	0
L196T	0	0	0	0	0.7778	0
C197D	0	0	0	0	0.7778	0
Q198K	0	0	0	0	0.7778	0
T199N	0	0	0	0	0.7778	0
R200Q	0	0	0	0	0.7778	0
N201F	0	0	0	0	0.7778	0
N202S	0	0	0	0	0.7778	0
T204F	0	0	0	0	0.7778	0
N205A	0	0	0	0	0.7778	0
C206Q	0	0	0	0	0.7778	0
T207S	0	0	0	0	0.7778	0
F208S	0	0	0	0	0.7778	0
G210R	0	0	0	0	0.7778	0
F211I	0	0	0	0	0.7778	0
I215V	0	0	0	0	0.7778	0
R216S	0	0	0	0	0.7778	0
R218K	0	0	0	0	0.7778	0
T219R	0	0	0	0	0.7778	0.1111
K220S	0	0	0	0	0.7778	0.1111
S221Q	0	0	0	0	0.7778	0
P222Q	0	0	0	0	0.7778	0
C223A	0	0	0	0	0.7778	0
L224V	0	0	0	0	0.7778	0
L225I	0	0	0	0	0.7778	0
N226P	0	0	0	0	0.7778	0
H227N	0	0	0	0	0.7778	0
Q228I	0	0	0	0	0.7778	0
E229G	0	0	0	0	0.7778	0
E230S	0	0	0	0	0.7778	0
S231R	0	0	0	0	0.7778	0
Q232P	0	0	0	0	0.7778	0
Y233R	0	0	0	0	0.7778	0
L234I	0	0	0	0	0.7778	0
P235R	0	0	0	0	0.7778	0
K236D	0	0	0	0	0.7778	0
E237I	0	0	0	0	0.7778	0
A238P	0	0	0	0	0.7778	0
N239S	0	0	0	0	0.7778	0
K240R	0	0	0	0	0.7778	0
L241I	0	0	0	0	0.7778	0
Q243I	0	0	0	0	0.7778	0
I244Y	0	0	0	0	0.7778	0
S245W	0	0	0	0	0.7778	0
D246T	0	0	0	0	0.7778	0
L247I	0	0	0	0	0.7778	0
D248V	0	0	0	0	0.7778	0
P249K	0	0	0	0	0.7778	0
E250P	0	0	0	0	0.7778	0
I252D	0	0	0	0	0.7778	0
S253I	0	0	0	0	0.7778	0
A255L	0	0	0	0	0.7778	0
E256I	0	0	0	0	0.7778	0
A257N	0	0	0	0	0.7778	0
I259T	0	0	0	0	0.7778	0
Q261N	0	0	0	0	0.7778	0
N264A	0	0	0	0	0.7778	0
R265P	0	0	0	0	0.7778	0
E266R	0	0	0	0	0.7778	0
T267G	0	0	0	0	0.7778	0
L270K	0	0	0	0	0.7778	0
T271I	0	0	0	0	0.7778	0
A272R	0	0	0	0	0.7778	0
Q273S	0	0	0	0	0.7778	0
I275K	0	0	0	0	0.7778	0
L276S	0	0	0	0	0.7778	0
L277S	0	0	0	0	0.7778	0
L278I	0	0	0	0	0.7778	0.1111
V280M	0	0	0	0	0.7778	0
T281R	0	0	0	0	0.7778	0
K283D	0	0	0	0	0.7778	0
Y284A	0	0	0	0	0.7778	0
E285P	0	0	0	0	0.7778	0
V286I	0	0	0	0	0.7778	0
A289C	0	0	0	0	0.7778	0
Q290K	0	0	0	0	0.7778	0
D291S	0	0	0	0	0.7778	0
Q292E	0	0	0	0	0.7778	0
T293C	0	0	0	0	0.7778	0
V299I	0	0	0	0	0.7778	0
S300T	0	0	0	0	0.7778	0
L301P	0	0	0	0	0.7778	0
A303G	0	0	0	0	0.7778	0
L305I	0	0	0	0	0.7778	0
Q306P	0	0	0	0	0.7778	0
M307N	0	0	0	0	0.7778	0
E308D	0	0	0	0	0.7778	0
A309K	0	0	0	0	0.7778	0
M312F	0	0	0	0	0.7778	0
T313Q	0	0	0	0	0.7778	0
R315V	0	0	0	0	0.7778	0
S316N	0	0	0	0	0.7778	0
K317R	0	0	0	0	0.7778	0
M318I	0	0	0	0	0.7778	0
T323Y	0	0	0	0	0.7778	0
P325A	0	0	0	0	0.7778	0
V326C	0	0	0	0	0.7778	0
D328R	0	0	0	0	0.7778	0
S14Y	0	0	0	0	0	1
L149N	0	0	0.3333	0.1111	0	1
K153Q	0	0	0.3333	0.1111	0	1
L156R	0	0	0.1111	0	0	1
S165F	0	0	0	0	0	1
H190Y	0	0	0	0	0	1
P194R	0	0	0.3333	0.1111	0	1
V215I	0	0	0	0	0	1
S222P	0	0	0	0	0	1
H315R	0	0	0.1111	0	0	1
S224L	0	0	0	0	0	0.8889
A299V	0	0	0	0	0	0.8889
T61A	0	0	0	0	0	0.7778
N98K	0	0	0	0	0	0.7778
I120V	0	0	0	0	0	0.7778
N298D	0	0	0	0	0	0.7778
