2019	A4S	0.8889	0.0156384318649844
2019	Q5L	0.8889	0.0156384318649844
2019	S13K	0.8889	0.0156384318649844
2019	A15L	0.8889	0.0156384318649844
2019	T16E	0.8889	0.0156384318649844
2019	L17M	0.8889	0.0156384318649844
2019	C18T	0.8889	0.0156384318649844
2019	L19I	0.8889	0.0156384318649844
2019	G20A	0.8889	0.0156384318649844
2019	H21R	0.8889	0.0156384318649844
2019	H22Q	0.8889	0.0156384318649844
2019	A23R	0.8889	0.0156384318649844
2019	V24C	0.8889	0.0156384318649844
2019	P25A	0.8889	0.0156384318649844
2019	N26L	0.8889	0.0156384318649844
2019	I29M	0.8889	0.0156384318649844
2019	V30Q	0.8889	0.0156384318649844
2019	K31Y	0.8889	0.0156384318649844
2019	T32Q	0.8889	0.0156384318649844
2019	I33T	0.8889	0.0156384318649844
2019	T34E	0.8889	0.0156384318649844
2019	N35R	0.8889	0.0156384318649844
2019	D36K	0.8889	0.0156384318649844
2019	R37Q	0.8889	0.0156384318649844
2019	I38S	0.8889	0.0156384318649844
2019	E39Q	0.8889	0.0156384318649844
2019	V40M	0.8889	0.0156384318649844
2019	N42E	0.8889	0.0156384318649844
2019	A43L	0.8889	0.0156384318649844
2019	T44K	0.8889	0.0156384318649844
2019	E45L	0.8889	0.0156384318649844
2019	V47M	0.8889	0.0156384318649844
2019	Q48L	0.8889	0.0156384318649844
2019	N49L	0.8889	0.0156384318649844
2019	S51W	0.8889	0.0156384318649844
2019	I57V	0.8889	0.0156384318649844
2019	G58K	0.8889	0.0156384318649844
2019	E59Y	0.8889	0.0156384318649844
2019	I60A	0.8889	0.0156384318649844
2019	D62V	0.8889	0.0156384318649844
2019	S63L	0.8889	0.0156384318649844
2019	P64I	0.8889	0.0156384318649844
2019	Q66S	0.8889	0.0156384318649844
2019	I67L	0.8889	0.0156384318649844
2019	L68M	0.8889	0.0156384318649844
2019	D69E	0.8889	0.0156384318649844
2019	E71T	0.8889	0.0156384318649844
2019	N72A	0.8889	0.0156384318649844
2019	C73H	0.8889	0.0156384318649844
2019	T74M	0.8889	0.0156384318649844
2019	L79Y	0.8889	0.0156384318649844
2019	L80W	0.8889	0.0156384318649844
2019	D82T	0.8889	0.0156384318649844
2019	P83L	0.8889	0.0156384318649844
2019	Q84S	0.8889	0.0156384318649844
2019	C85V	0.8889	0.0156384318649844
2019	D86T	0.8889	0.0156384318649844
2019	G87A	0.8889	0.0156384318649844
2019	Q89K	0.8889	0.0156384318649844
2019	N90I	0.8889	0.0156384318649844
2019	K91R	0.8889	0.0156384318649844
2019	K92N	0.8889	0.0156384318649844
2019	W93G	0.8889	0.0156384318649844
2019	D94T	0.8889	0.0156384318649844
2019	L95F	0.8889	0.0156384318649844
2019	F96L	0.8889	0.0156384318649844
2019	V97L	0.8889	0.0156384318649844
2019	R99E	0.8889	0.0156384318649844
2019	K101E	0.8889	0.0156384318649844
2019	A102P	0.8889	0.0156384318649844
2019	Y103T	0.8889	0.0156384318649844
2019	S104A	0.8889	0.0156384318649844
2019	N105T	0.8889	0.0156384318649844
2019	C106V	0.8889	0.0156384318649844
2019	Y114T	0.8889	0.0156384318649844
2019	A115L	0.8889	0.0156384318649844
2019	S116M	0.8889	0.0156384318649844
2019	L117M	0.8889	0.0156384318649844
2019	R118C	0.8889	0.0156384318649844
2019	S119R	0.8889	0.0156384318649844
2019	L120I	0.8889	0.0156384318649844
2019	V121M	0.8889	0.0156384318649844
2019	A122P	0.8889	0.0156384318649844
2019	S123P	0.8889	0.0156384318649844
2019	S124L	0.8889	0.0156384318649844
2019	T126H	0.8889	0.0156384318649844
2019	E128P	0.8889	0.0156384318649844
2019	F129H	0.8889	0.0156384318649844
2019	N131A	0.8889	0.0156384318649844
2019	T137S	0.8889	0.0156384318649844
2019	G138L	0.8889	0.0156384318649844
2019	V139K	0.8889	0.0156384318649844
2019	T140M	0.8889	0.0156384318649844
2019	Q141K	0.8889	0.0156384318649844
2019	N142A	0.8889	0.0156384318649844
2019	G143S	0.8889	0.0156384318649844
2019	T144I	0.8889	0.0156384318649844
2019	S145G	0.8889	0.0156384318649844
2019	S146L	0.8889	0.0156384318649844
2019	A147E	0.8889	0.0156384318649844
2019	C148S	0.8889	0.0156384318649844
2019	R150K	0.8889	0.0156384318649844
2019	G151T	0.8889	0.0156384318649844
2019	S152E	0.8889	0.0156384318649844
2019	S154V	0.8889	0.0156384318649844
2019	S155L	0.8889	0.0156384318649844
2019	F157A	0.8889	0.0156384318649844
2019	S158G	0.8889	0.0156384318649844
2019	N161V	0.8889	0.0156384318649844
2019	L163V	0.8889	0.0156384318649844
2019	T164V	0.8889	0.0156384318649844
2019	H165S	0.8889	0.0156384318649844
2019	N167V	0.8889	0.0156384318649844
2019	Y168D	0.8889	0.0156384318649844
2019	T169I	0.8889	0.0156384318649844
2019	Y170G	0.8889	0.0156384318649844
2019	L173T	0.8889	0.0156384318649844
2019	V191I	0.8889	0.0156384318649844
2019	H192Q	0.8889	0.0156384318649844
2019	G195T	0.8889	0.0156384318649844
2019	T196L	0.8889	0.0156384318649844
2019	D197C	0.8889	0.0156384318649844
2019	K198Q	0.8889	0.0156384318649844
2019	D199T	0.8889	0.0156384318649844
2019	Q200R	0.8889	0.0156384318649844
2019	I201N	0.8889	0.0156384318649844
2019	F202N	0.8889	0.0156384318649844
2019	Y204T	0.8889	0.0156384318649844
2019	A205N	0.8889	0.0156384318649844
2019	Q206C	0.8889	0.0156384318649844
2019	S207T	0.8889	0.0156384318649844
2019	S208F	0.8889	0.0156384318649844
2019	R210G	0.8889	0.0156384318649844
2019	I211F	0.8889	0.0156384318649844
2019	S216R	0.8889	0.0156384318649844
2019	K218R	0.8889	0.0156384318649844
2019	R219T	0.8889	0.0156384318649844
2019	S220K	0.8889	0.0156384318649844
2019	Q221S	0.8889	0.0156384318649844
2019	A223C	0.8889	0.0156384318649844
2019	I225L	0.8889	0.0156384318649844
2019	N227H	0.8889	0.0156384318649844
2019	I228Q	0.8889	0.0156384318649844
2019	G229E	0.8889	0.0156384318649844
2019	S230E	0.8889	0.0156384318649844
2019	R231S	0.8889	0.0156384318649844
2019	P232Q	0.8889	0.0156384318649844
2019	I234L	0.8889	0.0156384318649844
2019	R235P	0.8889	0.0156384318649844
2019	I237E	0.8889	0.0156384318649844
2019	P238A	0.8889	0.0156384318649844
2019	S239N	0.8889	0.0156384318649844
2019	R240K	0.8889	0.0156384318649844
2019	I241L	0.8889	0.0156384318649844
2019	I243Q	0.8889	0.0156384318649844
2019	Y244I	0.8889	0.0156384318649844
2019	V248D	0.8889	0.0156384318649844
2019	K249P	0.8889	0.0156384318649844
2019	P250E	0.8889	0.0156384318649844
2019	D252I	0.8889	0.0156384318649844
2019	I253S	0.8889	0.0156384318649844
2019	L255A	0.8889	0.0156384318649844
2019	I256E	0.8889	0.0156384318649844
2019	N257A	0.8889	0.0156384318649844
2019	T259I	0.8889	0.0156384318649844
2019	N261Q	0.8889	0.0156384318649844
2019	A264N	0.8889	0.0156384318649844
2019	P265R	0.8889	0.0156384318649844
2019	R266E	0.8889	0.0156384318649844
2019	G267T	0.8889	0.0156384318649844
2019	K270L	0.8889	0.0156384318649844
2019	I271T	0.8889	0.0156384318649844
2019	R272A	0.8889	0.0156384318649844
2019	S273Q	0.8889	0.0156384318649844
2019	K275I	0.8889	0.0156384318649844
2019	S276L	0.8889	0.0156384318649844
2019	S277L	0.8889	0.0156384318649844
2019	I278L	0.8889	0.0156384318649844
2019	M280V	0.8889	0.0156384318649844
2019	R281T	0.8889	0.0156384318649844
2019	D283K	0.8889	0.0156384318649844
2019	A284Y	0.8889	0.0156384318649844
2019	P285E	0.8889	0.0156384318649844
2019	I286V	0.8889	0.0156384318649844
2019	C289A	0.8889	0.0156384318649844
2019	K290Q	0.8889	0.0156384318649844
2019	S291D	0.8889	0.0156384318649844
2019	E292Q	0.8889	0.0156384318649844
2019	C293M	0.8889	0.0156384318649844
2019	T300S	0.8889	0.0156384318649844
2019	P301L	0.8889	0.0156384318649844
2019	G303A	0.8889	0.0156384318649844
2019	I305L	0.8889	0.0156384318649844
2019	P306Q	0.8889	0.0156384318649844
2019	N307M	0.8889	0.0156384318649844
2019	D308E	0.8889	0.0156384318649844
2019	K309A	0.8889	0.0156384318649844
2019	F312M	0.8889	0.0156384318649844
2019	Q313T	0.8889	0.0156384318649844
2019	N316S	0.8889	0.0156384318649844
2019	R317K	0.8889	0.0156384318649844
2019	I318M	0.8889	0.0156384318649844
2019	Y323T	0.8889	0.0156384318649844
2019	C326V	0.8889	0.0156384318649844
2021	P55H	1	0.000542732727236485
2021	S4A	0.7778	0.015330357691284
2021	L5Q	0.7778	0.015330357691284
2021	K13S	0.7778	0.015330357691284
2021	L15A	0.7778	0.015330357691284
2021	E16T	0.7778	0.015330357691284
2021	M17L	0.7778	0.015330357691284
2021	T18C	0.7778	0.015330357691284
2021	I19L	0.7778	0.015330357691284
2021	A20G	0.7778	0.015330357691284
2021	R21H	0.7778	0.015330357691284
2021	Q22H	0.7778	0.015330357691284
2021	R23A	0.7778	0.015330357691284
2021	C24V	0.7778	0.015330357691284
2021	A25P	0.7778	0.015330357691284
2021	L26N	0.7778	0.015330357691284
2021	M29I	0.7778	0.015330357691284
2021	Q30V	0.7778	0.015330357691284
2021	Y31K	0.7778	0.015330357691284
2021	Q32T	0.7778	0.015330357691284
2021	T33I	0.7778	0.015330357691284
2021	E34T	0.7778	0.015330357691284
2021	R35N	0.7778	0.015330357691284
2021	K36D	0.7778	0.015330357691284
2021	Q37R	0.7778	0.015330357691284
2021	S38I	0.7778	0.015330357691284
2021	Q39E	0.7778	0.015330357691284
2021	M40V	0.7778	0.015330357691284
2021	E42N	0.7778	0.015330357691284
2021	L43A	0.7778	0.015330357691284
2021	K44T	0.7778	0.015330357691284
2021	L45E	0.7778	0.015330357691284
2021	M47V	0.7778	0.015330357691284
2021	L48Q	0.7778	0.015330357691284
2021	L49N	0.7778	0.015330357691284
2021	W51S	0.7778	0.015330357691284
2021	V57I	0.7778	0.015330357691284
2021	K58G	0.7778	0.015330357691284
2021	Y59E	0.7778	0.015330357691284
2021	A60I	0.7778	0.015330357691284
2021	V62N	0.7778	0.015330357691284
2021	L63S	0.7778	0.015330357691284
2021	I64P	0.7778	0.015330357691284
2021	R65H	0.7778	0.015330357691284
2021	S66Q	0.7778	0.015330357691284
2021	L67I	0.7778	0.015330357691284
2021	M68L	0.7778	0.015330357691284
2021	E69D	0.7778	0.015330357691284
2021	T71G	0.7778	0.015330357691284
2021	A72N	0.7778	0.015330357691284
2021	H73C	0.7778	0.015330357691284
2021	M74T	0.7778	0.015330357691284
2021	Y79L	0.7778	0.015330357691284
2021	W80L	0.7778	0.015330357691284
2021	T82D	0.7778	0.015330357691284
2021	L83P	0.7778	0.015330357691284
2021	S84Q	0.7778	0.015330357691284
2021	V85C	0.7778	0.015330357691284
2021	T86D	0.7778	0.015330357691284
2021	A87G	0.7778	0.015330357691284
2021	K89Q	0.7778	0.015330357691284
2021	I90N	0.7778	0.015330357691284
2021	R91K	0.7778	0.015330357691284
2021	N92E	0.7778	0.015330357691284
2021	G93W	0.7778	0.015330357691284
2021	T94D	0.7778	0.015330357691284
2021	F95L	0.7778	0.015330357691284
2021	L96F	0.7778	0.015330357691284
2021	L97V	0.7778	0.015330357691284
2021	E99R	0.7778	0.015330357691284
2021	A100S	0.7778	0.015330357691284
2021	E101R	0.7778	0.015330357691284
2021	P102A	0.7778	0.015330357691284
2021	T103N	0.7778	0.015330357691284
2021	A104S	0.7778	0.015330357691284
2021	T105S	0.7778	0.015330357691284
2021	V106C	0.7778	0.015330357691284
2021	T114Y	0.7778	0.015330357691284
2021	L115A	0.7778	0.015330357691284
2021	M116S	0.7778	0.015330357691284
2021	M117L	0.7778	0.015330357691284
2021	C118R	0.7778	0.015330357691284
2021	R119S	0.7778	0.015330357691284
2021	I120L	0.7778	0.015330357691284
2021	M121V	0.7778	0.015330357691284
2021	P122A	0.7778	0.015330357691284
2021	P123S	0.7778	0.015330357691284
2021	L124S	0.7778	0.015330357691284
2021	H126T	0.7778	0.015330357691284
2021	P128E	0.7778	0.015330357691284
2021	H129F	0.7778	0.015330357691284
2021	A131N	0.7778	0.015330357691284
2021	H135N	0.7778	0.015330357691284
2021	S137T	0.7778	0.015330357691284
2021	L138G	0.7778	0.015330357691284
2021	K139V	0.7778	0.015330357691284
2021	M140K	0.7778	0.015330357691284
2021	K141Q	0.7778	0.015330357691284
2021	A142N	0.7778	0.015330357691284
2021	S143G	0.7778	0.015330357691284
2021	I144T	0.7778	0.015330357691284
2021	G145S	0.7778	0.015330357691284
2021	L146S	0.7778	0.015330357691284
2021	E147A	0.7778	0.015330357691284
2021	S148C	0.7778	0.015330357691284
2021	K150R	0.7778	0.015330357691284
2021	T151G	0.7778	0.015330357691284
2021	E152S	0.7778	0.015330357691284
2021	V154S	0.7778	0.015330357691284
2021	L155S	0.7778	0.015330357691284
2021	A157F	0.7778	0.015330357691284
2021	G158S	0.7778	0.015330357691284
2021	D159R	0.7778	0.015330357691284
2021	V161N	0.7778	0.015330357691284
2021	V163L	0.7778	0.015330357691284
2021	V164T	0.7778	0.015330357691284
2021	F165S	0.7778	0.015330357691284
2021	V167N	0.7778	0.015330357691284
2021	D168N	0.7778	0.015330357691284
2021	G170Y	0.7778	0.015330357691284
2021	T173Q	0.7778	0.015330357691284
2021	I191V	0.7778	0.015330357691284
2021	Q192H	0.7778	0.015330357691284
2021	T195D	0.7778	0.015330357691284
2021	L196T	0.7778	0.015330357691284
2021	C197D	0.7778	0.015330357691284
2021	Q198K	0.7778	0.015330357691284
2021	T199N	0.7778	0.015330357691284
2021	R200Q	0.7778	0.015330357691284
2021	N201F	0.7778	0.015330357691284
2021	N202S	0.7778	0.015330357691284
2021	T204F	0.7778	0.015330357691284
2021	N205A	0.7778	0.015330357691284
2021	C206Q	0.7778	0.015330357691284
2021	T207S	0.7778	0.015330357691284
2021	F208S	0.7778	0.015330357691284
2021	G210R	0.7778	0.015330357691284
2021	F211I	0.7778	0.015330357691284
2021	R216S	0.7778	0.015330357691284
2021	R218K	0.7778	0.015330357691284
2021	T219R	0.7778	0.015330357691284
2021	K220S	0.7778	0.015330357691284
2021	S221Q	0.7778	0.015330357691284
2021	C223A	0.7778	0.015330357691284
2021	L225I	0.7778	0.015330357691284
2021	H227N	0.7778	0.015330357691284
2021	Q228I	0.7778	0.015330357691284
2021	E229G	0.7778	0.015330357691284
2021	E230S	0.7778	0.015330357691284
2021	S231R	0.7778	0.015330357691284
2021	Q232P	0.7778	0.015330357691284
2021	Y233R	0.7778	0.015330357691284
2021	L234I	0.7778	0.015330357691284
2021	P235R	0.7778	0.015330357691284
2021	K236D	0.7778	0.015330357691284
2021	E237I	0.7778	0.015330357691284
2021	A238P	0.7778	0.015330357691284
2021	N239S	0.7778	0.015330357691284
2021	K240R	0.7778	0.015330357691284
2021	L241I	0.7778	0.015330357691284
2021	Q243I	0.7778	0.015330357691284
2021	I244Y	0.7778	0.015330357691284
2021	S245W	0.7778	0.015330357691284
2021	D246T	0.7778	0.015330357691284
2021	D248V	0.7778	0.015330357691284
2021	P249K	0.7778	0.015330357691284
2021	E250P	0.7778	0.015330357691284
2021	I252D	0.7778	0.015330357691284
2021	S253I	0.7778	0.015330357691284
2021	A255L	0.7778	0.015330357691284
2021	E256I	0.7778	0.015330357691284
2021	A257N	0.7778	0.015330357691284
2021	I259T	0.7778	0.015330357691284
2021	Q261N	0.7778	0.015330357691284
2021	N264A	0.7778	0.015330357691284
2021	R265P	0.7778	0.015330357691284
2021	E266R	0.7778	0.015330357691284
2021	T267G	0.7778	0.015330357691284
2021	L270K	0.7778	0.015330357691284
2021	T271I	0.7778	0.015330357691284
2021	A272R	0.7778	0.015330357691284
2021	Q273S	0.7778	0.015330357691284
2021	I275K	0.7778	0.015330357691284
2021	L276S	0.7778	0.015330357691284
2021	L277S	0.7778	0.015330357691284
2021	L278I	0.7778	0.015330357691284
2021	V280M	0.7778	0.015330357691284
2021	T281R	0.7778	0.015330357691284
2021	K283D	0.7778	0.015330357691284
2021	Y284A	0.7778	0.015330357691284
2021	E285P	0.7778	0.015330357691284
2021	V286I	0.7778	0.015330357691284
2021	A289C	0.7778	0.015330357691284
2021	Q290K	0.7778	0.015330357691284
2021	D291S	0.7778	0.015330357691284
2021	Q292E	0.7778	0.015330357691284
2021	M293C	0.7778	0.015330357691284
2021	S300T	0.7778	0.015330357691284
2021	L301P	0.7778	0.015330357691284
2021	A303G	0.7778	0.015330357691284
2021	L305I	0.7778	0.015330357691284
2021	Q306P	0.7778	0.015330357691284
2021	M307N	0.7778	0.015330357691284
2021	E308D	0.7778	0.015330357691284
2021	A309K	0.7778	0.015330357691284
2021	M312F	0.7778	0.015330357691284
2021	T313Q	0.7778	0.015330357691284
2021	S316N	0.7778	0.015330357691284
2021	K317R	0.7778	0.015330357691284
2021	M318I	0.7778	0.015330357691284
2021	T323Y	0.7778	0.015330357691284
2021	P325A	0.7778	0.015330357691284
2021	V326C	0.7778	0.015330357691284
2022	V2L	1	0.000542732727236485
2022	T14Y	1	0.000542732727236485
2022	C61A	1	0.000542732727236485
2022	E98K	1	0.000542732727236485
2022	K130P	1	0.000542732727236485
2022	I149N	1	0.000542732727236485
2022	S153Q	1	0.000542732727236485
2022	F156R	1	0.000542732727236485
2022	S165F	1	0.000542732727236485
2022	N174T	1	0.000542732727236485
2022	V175Y	1	0.000542732727236485
2022	P194R	1	0.000542732727236485
2022	V215I	1	0.000542732727236485
2022	Q222P	1	0.000542732727236485
2022	V224L	1	0.000542732727236485
2022	P226N	1	0.000542732727236485
2022	I299V	1	0.000542732727236485
2022	V315R	1	0.000542732727236485
2022	I120V	0.8889	0.00537992703417826
2022	I247L	0.8889	0.00537992703417826
2022	N298D	0.7778	0.015330357691284
