A4S	0	0.1111	0.8889	1	0	1
Q5L	0	0.1111	0.8889	1	0	1
S13K	0	0.1111	0.8889	1	0	1
A15L	0	0.1111	0.8889	1	0	1
T16E	0	0.1111	0.8889	1	0	1
L17M	0	0.1111	0.8889	1	0	1
C18T	0	0.1111	0.8889	1	0	1
L19I	0	0.1111	0.8889	1	0	1
G20A	0	0.1111	0.8889	1	0	1
H21R	0	0.1111	0.8889	1	0	1
H22Q	0	0.1111	0.8889	1	0	1
A23R	0	0.1111	0.8889	1	0	1
V24C	0	0.1111	0.8889	1	0	1
P25A	0	0.1111	0.8889	1	0	1
N26L	0	0.1111	0.8889	1	0	1
I29M	0	0.1111	0.8889	1	0	1
V30Q	0	0.1111	0.8889	1	0	1
K31Y	0	0.1111	0.8889	1	0	1
T32Q	0	0.1111	0.8889	1	0	1
I33T	0	0.1111	0.8889	1	0	1
T34E	0	0.1111	0.8889	1	0	1
N35R	0	0.1111	0.8889	1	0	1
D36K	0	0.1111	0.8889	1	0	1
R37Q	0	0.1111	0.8889	1	0	1
I38S	0	0.1111	0.8889	1	0	1
E39Q	0	0.1111	0.8889	1	0	1
V40M	0	0.1111	0.8889	1	0	1
N42E	0	0.1111	0.8889	1	0	1
A43L	0	0.1111	0.8889	1	0	1
T44K	0	0.1111	0.8889	1	0	1
E45L	0	0.1111	0.8889	1	0	1
V47M	0	0.1111	0.8889	1	0	1
Q48L	0	0.1111	0.8889	1	0	1
N49L	0	0.1111	0.8889	1	0	1
S51W	0	0.1111	0.8889	1	0	1
I57V	0	0.1111	0.8889	1	0	1
G58K	0	0.1111	0.8889	1	0	1
E59Y	0	0.1111	0.8889	1	0	1
I60A	0	0.1111	0.8889	1	0	1
D62V	0	0.1111	0.8889	1	0	1
S63L	0	0.1111	0.8889	1	0	1
P64I	0	0.1111	0.8889	1	0	1
Q66S	0	0.1111	0.8889	1	0	1
I67L	0	0.1111	0.8889	1	0	1
L68M	0	0.1111	0.8889	1	0	1
D69E	0	0.1111	0.8889	1	0	1
E71T	0	0.1111	0.8889	1	0	1
N72A	0	0.1111	0.8889	1	0	1
C73H	0	0.1111	0.8889	1	0	1
T74M	0	0.1111	0.8889	1	0	1
L79Y	0	0.1111	0.8889	1	0	1
L80W	0	0.1111	0.8889	1	0	1
D82T	0	0.1111	0.8889	1	0	1
P83L	0	0.1111	0.8889	1	0	1
Q84S	0	0.1111	0.8889	1	0	1
C85V	0	0.1111	0.8889	1	0	1
D86T	0	0.1111	0.8889	1	0	1
G87A	0	0.1111	0.8889	1	0	1
Q89K	0	0.1111	0.8889	1	0	1
N90I	0	0.1111	0.8889	1	0	1
K91R	0	0.1111	0.8889	1	0	1
K92N	0	0.1111	0.8889	1	0	1
W93G	0	0.1111	0.8889	1	0	1
D94T	0	0.1111	0.8889	1	0	1
L95F	0	0.1111	0.8889	1	0	1
F96L	0	0.1111	0.8889	1	0	1
V97L	0	0.1111	0.8889	1	0	1
R99E	0	0.1111	0.8889	1	0	1
K101E	0	0.1111	0.8889	1	0	1
A102P	0	0.1111	0.8889	1	0	1
Y103T	0	0.1111	0.8889	1	0	1
S104A	0	0.1111	0.8889	1	0	1
N105T	0	0.1111	0.8889	1	0	1
C106V	0	0.1111	0.8889	1	0	1
Y114T	0	0.1111	0.8889	1	0	1
A115L	0	0.1111	0.8889	1	0	1
S116M	0	0.1111	0.8889	1	0	1
L117M	0	0.1111	0.8889	1	0	1
R118C	0	0.1111	0.8889	1	0	1
S119R	0	0.1111	0.8889	1	0	1
L120I	0	0.1111	0.8889	1	0	0.1111
V121M	0	0.1111	0.8889	1	0	1
A122P	0	0.1111	0.8889	1	0	1
S123P	0	0.1111	0.8889	1	0	1
S124L	0	0.1111	0.8889	1	0	1
T126H	0	0.1111	0.8889	1	0	1
E128P	0	0.1111	0.8889	1	0	1
F129H	0	0.1111	0.8889	1	0	1
N131A	0	0.1111	0.8889	1	0	1
T137S	0	0.1111	0.8889	1	0	0.6667
G138L	0	0.1111	0.8889	1	0	1
V139K	0	0.1111	0.8889	1	0	1
T140M	0	0.1111	0.8889	1	0	1
Q141K	0	0.1111	0.8889	1	0	1
N142A	0	0.1111	0.8889	1	0	1
G143S	0	0.1111	0.8889	1	0	1
T144I	0	0.1111	0.8889	1	0	1
S145G	0	0.1111	0.8889	1	0	1
S146L	0	0.1111	0.8889	1	0	1
A147E	0	0.1111	0.8889	1	0	1
C148S	0	0.1111	0.8889	1	0	1
R150K	0	0.1111	0.8889	1	0	1
G151T	0	0.1111	0.8889	1	0	1
S152E	0	0.1111	0.8889	1	0	1
S154V	0	0.1111	0.8889	1	0	1
S155L	0	0.1111	0.8889	1	0	1
F157A	0	0.1111	0.8889	1	0	1
S158G	0	0.1111	0.8889	1	0	1
N161V	0	0.1111	0.8889	1	0	1
L163V	0	0.1111	0.8889	1	0	1
T164V	0	0.1111	0.8889	1	0	1
H165S	0	0.1111	0.8889	0.7778	0	0
N167V	0	0.1111	0.8889	1	0	1
Y168D	0	0.1111	0.8889	1	0	1
T169I	0	0.1111	0.8889	1	1	1
Y170G	0	0.1111	0.8889	1	0	1
L173T	0	0.1111	0.8889	1	0	1
V191I	0	0.1111	0.8889	1	0	1
H192Q	0	0.1111	0.8889	1	0	1
G195T	0	0.1111	0.8889	1	0	1
T196L	0	0.1111	0.8889	1	0	1
D197C	0	0.1111	0.8889	1	0	1
K198Q	0	0.1111	0.8889	1	0	1
D199T	0	0.1111	0.8889	1	0	1
Q200R	0	0.1111	0.8889	1	0	1
I201N	0	0.1111	0.8889	1	0	1
F202N	0	0.1111	0.8889	1	0	1
Y204T	0	0.1111	0.8889	1	0	1
A205N	0	0.1111	0.8889	1	0	1
Q206C	0	0.1111	0.8889	1	0	1
S207T	0	0.1111	0.8889	1	0	1
S208F	0	0.1111	0.8889	1	0	1
R210G	0	0.1111	0.8889	1	0	1
I211F	0	0.1111	0.8889	1	0	1
S216R	0	0.1111	0.8889	1	0	1
K218R	0	0.1111	0.8889	1	0	0.6667
R219T	0	0.1111	0.8889	1	0	1
S220K	0	0.1111	0.8889	1	0	1
Q221S	0	0.1111	0.8889	1	0	1
A223C	0	0.1111	0.8889	1	0	1
I225L	0	0.1111	0.8889	1	0	1
N227H	0	0.1111	0.8889	1	0	1
I228Q	0	0.1111	0.8889	1	0	1
G229E	0	0.1111	0.8889	1	0	1
S230E	0	0.1111	0.8889	1	0	1
R231S	0	0.1111	0.8889	1	0	1
P232Q	0	0.1111	0.8889	1	0	1
I234L	0	0.1111	0.8889	1	0	1
R235P	0	0.1111	0.8889	1	0	1
I237E	0	0.1111	0.8889	1	0	1
P238A	0	0.1111	0.8889	1	0	1
S239N	0	0.1111	0.8889	1	0	1
R240K	0	0.1111	0.8889	1	0	1
I241L	0	0.1111	0.8889	1	0	1
I243Q	0	0.1111	0.8889	1	0	1
Y244I	0	0.1111	0.8889	1	0	1
V248D	0	0.1111	0.8889	1	0	1
K249P	0	0.1111	0.8889	1	0	1
P250E	0	0.1111	0.8889	1	0	1
D252I	0	0.1111	0.8889	1	0	1
I253S	0	0.1111	0.8889	1	0	1
L255A	0	0.1111	0.8889	1	0	1
I256E	0	0.1111	0.8889	1	0	1
N257A	0	0.1111	0.8889	1	0	1
T259I	0	0.1111	0.8889	1	0	1
N261Q	0	0.1111	0.8889	1	0	1
A264N	0	0.1111	0.8889	1	0	1
P265R	0	0.1111	0.8889	1	0	1
R266E	0	0.1111	0.8889	1	0	1
G267T	0	0.1111	0.8889	1	0	1
K270L	0	0.1111	0.8889	1	0	1
I271T	0	0.1111	0.8889	1	0	1
R272A	0	0.1111	0.8889	1	0	1
S273Q	0	0.1111	0.8889	1	0	1
K275I	0	0.1111	0.8889	1	0	1
S276L	0	0.1111	0.8889	1	0	1
S277L	0	0.1111	0.8889	1	0	1
I278L	0	0.1111	0.8889	1	0	1
M280V	0	0.1111	0.8889	1	0	1
R281T	0	0.1111	0.8889	1	0	1
D283K	0	0.1111	0.8889	1	0	1
A284Y	0	0.1111	0.8889	1	0	1
P285E	0	0.1111	0.8889	1	0	1
I286V	0	0.1111	0.8889	1	0	1
C289A	0	0.1111	0.8889	1	0	1
K290Q	0	0.1111	0.8889	1	0	1
S291D	0	0.1111	0.8889	1	0	1
E292Q	0	0.1111	0.8889	1	0	1
C293M	0	0.1111	0.8889	1	0	1
T300S	0	0.1111	0.8889	1	0	1
P301L	0	0.1111	0.8889	1	0	1
G303A	0	0.1111	0.8889	1	0	1
I305L	0	0.1111	0.8889	1	0	1
P306Q	0	0.1111	0.8889	1	0	1
N307M	0	0.1111	0.8889	1	0	1
D308E	0	0.1111	0.8889	1	0	1
K309A	0	0.1111	0.8889	1	0	1
F312M	0	0.1111	0.8889	1	0	1
Q313T	0	0.1111	0.8889	1	0	1
N316S	0	0.1111	0.8889	1	0	1
R317K	0	0.1111	0.8889	1	0	1
I318M	0	0.1111	0.8889	1	0	1
Y323T	0	0.1111	0.8889	1	0	1
C326V	0	0.1111	0.8889	1	0	1
P55H	0	0	0	0	1	1
S4A	0	0	0	0	0.7778	0
L5Q	0	0	0	0	0.7778	0
K13S	0	0	0	0	0.7778	0
L15A	0	0	0	0	0.7778	0
E16T	0	0	0	0	0.7778	0
M17L	0	0	0	0	0.7778	0
T18C	0	0	0	0	0.7778	0
I19L	0	0	0	0	0.7778	0
A20G	0	0	0	0	0.7778	0
R21H	0	0	0	0	0.7778	0
Q22H	0	0	0	0	0.7778	0
R23A	0	0	0	0	0.7778	0
C24V	0	0	0	0	0.7778	0
A25P	0	0	0	0	0.7778	0
L26N	0	0	0	0	0.7778	0
M29I	0	0	0	0	0.7778	0
Q30V	0	0	0	0	0.7778	0
Y31K	0	0	0	0	0.7778	0
Q32T	0	0	0	0	0.7778	0
T33I	0	0	0	0	0.7778	0
E34T	0	0	0	0	0.7778	0
R35N	0	0	0	0	0.7778	0
K36D	0	0	0	0	0.7778	0
Q37R	0	0	0	0	0.7778	0
S38I	0	0	0	0	0.7778	0
Q39E	0	0	0	0	0.7778	0
M40V	0	0	0	0	0.7778	0
E42N	0	0	0	0	0.7778	0
L43A	0	0	0	0	0.7778	0
K44T	0	0	0	0	0.7778	0
L45E	0	0	0	0	0.7778	0
M47V	0	0	0	0	0.7778	0
L48Q	0	0	0	0	0.7778	0
L49N	0	0	0	0	0.7778	0
W51S	0	0	0	0	0.7778	0
V57I	0	0	0	0	0.7778	0
K58G	0	0	0	0	0.7778	0
Y59E	0	0	0	0	0.7778	0
A60I	0	0	0	0	0.7778	0
V62N	0	0	0	0	0.7778	0
L63S	0	0	0	0	0.7778	0
I64P	0	0	0	0	0.7778	0
R65H	0	0	0	0	0.7778	0
S66Q	0	0	0	0	0.7778	0
L67I	0	0	0	0	0.7778	0
M68L	0	0	0	0	0.7778	0
E69D	0	0	0	0	0.7778	0
T71G	0	0	0	0	0.7778	0
A72N	0	0	0	0	0.7778	0
H73C	0	0	0	0	0.7778	0
M74T	0	0	0	0	0.7778	0
Y79L	0	0	0	0	0.7778	0
W80L	0	0	0	0	0.7778	0
T82D	0	0	0	0	0.7778	0
L83P	0	0	0	0	0.7778	0
S84Q	0	0	0	0	0.7778	0
V85C	0	0	0	0	0.7778	0
T86D	0	0	0	0	0.7778	0
A87G	0	0	0	0	0.7778	0
K89Q	0	0	0	0	0.7778	0
I90N	0	0	0	0	0.7778	0
R91K	0	0	0	0	0.7778	0
N92E	0	0	0	0	0.7778	0
G93W	0	0	0	0	0.7778	0
T94D	0	0	0	0	0.7778	0
F95L	0	0	0	0	0.7778	0
L96F	0	0	0	0	0.7778	0
L97V	0	0	0	0	0.7778	0
E99R	0	0	0	0	0.7778	0
A100S	0	0	0	0	0.7778	0
E101R	0	0	0	0	0.7778	0
P102A	0	0	0	0	0.7778	0
T103N	0	0	0	0	0.7778	0
A104S	0	0	0	0	0.7778	0
T105S	0	0	0	0	0.7778	0
V106C	0	0	0	0	0.7778	0
T114Y	0	0	0	0	0.7778	0
L115A	0	0	0	0	0.7778	0
M116S	0	0	0	0	0.7778	0
M117L	0	0	0	0	0.7778	0
C118R	0	0	0	0	0.7778	0
R119S	0	0	0	0	0.7778	0
I120L	0	0	0	0	0.7778	0
M121V	0	0	0	0	0.7778	0
P122A	0	0	0	0	0.7778	0
P123S	0	0	0	0	0.7778	0
L124S	0	0	0	0	0.7778	0
H126T	0	0	0	0	0.7778	0
P128E	0	0	0	0	0.7778	0
H129F	0	0	0	0	0.7778	0
A131N	0	0	0	0	0.7778	0
H135N	0	0	0	0	0.7778	0
S137T	0	0	0	0	0.7778	0
L138G	0	0	0	0	0.7778	0
K139V	0	0	0	0	0.7778	0
M140K	0	0	0	0	0.7778	0
K141Q	0	0	0	0	0.7778	0
A142N	0	0	0	0	0.7778	0
S143G	0	0	0	0	0.7778	0
I144T	0	0	0	0	0.7778	0
G145S	0	0	0	0	0.7778	0
L146S	0	0	0	0	0.7778	0
E147A	0	0	0	0	0.7778	0
S148C	0	0	0	0	0.7778	0
K150R	0	0	0	0	0.7778	0
T151G	0	0	0	0	0.7778	0
E152S	0	0	0	0	0.7778	0
V154S	0	0	0	0	0.7778	0
L155S	0	0	0	0	0.7778	0
A157F	0	0	0	0	0.7778	0
G158S	0	0	0	0	0.7778	0
D159R	0	0	0	0	0.7778	0
V161N	0	0	0	0	0.7778	0
V163L	0	0	0	0	0.7778	0
V164T	0	0	0	0	0.7778	0
F165S	0	0	0	0	0.7778	0
V167N	0	0	0	0	0.7778	0
D168N	0	0	0	0	0.7778	0
G170Y	0	0	0	0	0.7778	0
T173Q	0	0	0	0	0.7778	0
I191V	0	0	0	0	0.7778	0
Q192H	0	0	0	0	0.7778	0
T195D	0	0	0	0	0.7778	0
L196T	0	0	0	0	0.7778	0
C197D	0	0	0	0	0.7778	0
Q198K	0	0	0	0	0.7778	0
T199N	0	0	0	0	0.7778	0
R200Q	0	0	0	0	0.7778	0
N201F	0	0	0	0	0.7778	0
N202S	0	0	0	0	0.7778	0
T204F	0	0	0	0	0.7778	0
N205A	0	0	0	0	0.7778	0
C206Q	0	0	0	0	0.7778	0
T207S	0	0	0	0	0.7778	0
F208S	0	0	0	0	0.7778	0
G210R	0	0	0	0	0.7778	0
F211I	0	0	0	0	0.7778	0
R216S	0	0	0	0	0.7778	0
R218K	0	0	0	0	0.7778	0
T219R	0	0	0	0	0.7778	0
K220S	0	0	0	0	0.7778	0
S221Q	0	0	0	0	0.7778	0
C223A	0	0	0	0	0.7778	0
L225I	0	0	0	0	0.7778	0
H227N	0	0	0	0	0.7778	0
Q228I	0	0	0	0	0.7778	0
E229G	0	0	0	0	0.7778	0
E230S	0	0	0	0	0.7778	0
S231R	0	0	0	0	0.7778	0
Q232P	0	0	0	0	0.7778	0
Y233R	0	0	0	0	0.7778	0
L234I	0	0	0	0	0.7778	0
P235R	0	0	0	0	0.7778	0
K236D	0	0	0	0	0.7778	0
E237I	0	0	0	0	0.7778	0
A238P	0	0	0	0	0.7778	0
N239S	0	0	0	0	0.7778	0
K240R	0	0	0	0	0.7778	0
L241I	0	0	0	0	0.7778	0
Q243I	0	0	0	0	0.7778	0
I244Y	0	0	0	0	0.7778	0
S245W	0	0	0	0	0.7778	0
D246T	0	0	0	0	0.7778	0
D248V	0	0	0	0	0.7778	0
P249K	0	0	0	0	0.7778	0
E250P	0	0	0	0	0.7778	0
I252D	0	0	0	0	0.7778	0
S253I	0	0	0	0	0.7778	0
A255L	0	0	0	0	0.7778	0
E256I	0	0	0	0	0.7778	0
A257N	0	0	0	0	0.7778	0
I259T	0	0	0	0	0.7778	0
Q261N	0	0	0	0	0.7778	0
N264A	0	0	0	0	0.7778	0
R265P	0	0	0	0	0.7778	0
E266R	0	0	0	0	0.7778	0
T267G	0	0	0	0	0.7778	0
L270K	0	0	0	0	0.7778	0
T271I	0	0	0	0	0.7778	0
A272R	0	0	0	0	0.7778	0
Q273S	0	0	0	0	0.7778	0
I275K	0	0	0	0	0.7778	0
L276S	0	0	0	0	0.7778	0
L277S	0	0	0	0	0.7778	0
L278I	0	0	0	0	0.7778	0
V280M	0	0	0	0	0.7778	0
T281R	0	0	0	0	0.7778	0
K283D	0	0	0	0	0.7778	0
Y284A	0	0	0	0	0.7778	0
E285P	0	0	0	0	0.7778	0
V286I	0	0	0	0	0.7778	0
A289C	0	0	0	0	0.7778	0
Q290K	0	0	0	0	0.7778	0
D291S	0	0	0	0	0.7778	0
Q292E	0	0	0	0	0.7778	0
M293C	0	0	0	0	0.7778	0
S300T	0	0	0	0	0.7778	0
L301P	0	0	0	0	0.7778	0
A303G	0	0	0	0	0.7778	0
L305I	0	0	0	0	0.7778	0
Q306P	0	0	0	0	0.7778	0
M307N	0	0	0	0	0.7778	0
E308D	0	0	0	0	0.7778	0
A309K	0	0	0	0	0.7778	0
M312F	0	0	0	0	0.7778	0
T313Q	0	0	0	0	0.7778	0
S316N	0	0	0	0	0.7778	0
K317R	0	0	0	0	0.7778	0
M318I	0	0	0	0	0.7778	0
T323Y	0	0	0	0	0.7778	0
P325A	0	0	0	0	0.7778	0
V326C	0	0	0	0	0.7778	0
V2L	0	0	0	0	0	1
T14Y	0	0	0	0	0	1
C61A	0	0	0	0	0	1
E98K	0	0	0	0	0	1
K130P	0	0	0	0	0	1
I149N	0	0	0	0	0	1
S153Q	0	0	0	0	0	1
F156R	0	0	0	0	0	1
S165F	0	0	0	0.2222	0	1
N174T	0	0	0	0	0	1
V175Y	0	0	0	0	0	1
P194R	0	0	0	0	0	1
V215I	0	0	0	0	0	1
Q222P	0	0	0	0	0	1
V224L	0	0	0	0	0	1
P226N	0	0	0	0	0	1
I299V	0	0	0	0	0	1
V315R	0	0	0	0	0	1
I120V	0	0	0	0	0	0.8889
I247L	0	0	0	0	0	0.8889
N298D	0	0	0	0	0	0.7778
