K41N	0.1429	1	0.5714	0.8571	0	1
E45K	0.1429	1	0.5714	0.8571	0	1
S1I	0	0	0	0	1	0
H2S	0	0	0	0	1	0
N3T	0	0	0	0	1	0
F4I	0	0	0	0	1	0
H5C	0	0	0	0	1	0
N6F	0	0	0	0	1	0
M7F	0	0	0	0	1	0
L8M	0	0	0	0	1	0
L9Q	0	0	0	0	1	0
H10I	0	0	0	0	1	0
N12I	0	0	0	0	1	0
C13L	0	0	0	0	1	0
H14I	0	0	0	0	1	0
P15T	0	0	0	0	1	0
D16T	0	0	0	0	1	0
N17S	0	0	0	0	1	0
C19V	0	0	0	0	1	0
N20T	0	0	0	0	1	0
I21L	0	0	0	0	1	0
A22H	0	0	0	0	1	0
A26Y	0	0	0	0	1	0
I27E	0	0	0	0	1	0
I28F	0	0	0	0	1	0
Q29N	0	0	0	0	1	0
L30S	0	0	0	0	1	0
K33N	0	0	0	0	1	0
P35Q	0	0	0	0	1	0
S36V	0	0	0	0	1	0
D37M	0	0	0	0	1	0
A38L	0	0	0	0	1	0
V39C	0	0	0	0	1	0
T40E	0	0	0	0	1	0
N41P	0	0	0	0	1	0
N42T	0	0	0	0	1	0
N43I	0	0	0	0	1	0
R44I	0	0	0	0	1	0
K45E	0	0	0	0	1	0
K46R	0	0	0	0	1	0
H47N	0	0	0	0	1	0
N48I	0	0	0	0	1	0
R49T	0	0	0	0	1	0
D50E	0	0	0	0	1	0
S51I	0	0	0	0	1	0
F53Y	0	0	0	0	1	0
D54L	0	0	0	0	1	0
Q55T	0	0	0	0	1	0
H56N	0	0	0	0	1	0
H57T	0	0	0	0	1	0
H58T	0	0	0	0	1	0
R59I	0	0	0	0	1	0
G61K	0	0	0	0	1	0
N62E	0	0	0	0	1	0
M63I	0	0	0	0	1	0
Q66K	0	0	0	0	1	0
T67P	0	0	0	0	1	0
S68A	0	0	0	0	1	0
R69E	0	0	0	0	1	0
I70Y	0	0	0	0	1	0
Q71R	0	0	0	0	1	0
K72N	0	0	0	0	1	0
H80S	0	0	0	0	1	0
Y81K	0	0	0	0	1	0
R82P	0	0	0	0	1	0
I83Q	0	0	0	0	1	0
T85G	0	0	0	0	1	0
F86I	0	0	0	0	1	0
L87T	0	0	0	0	1	0
D91A	0	0	0	0	1	0
A92P	0	0	0	0	1	0
R94S	0	0	0	0	1	0
W109V	0	0	0	0	1	0
G110T	0	0	0	0	1	0
H111R	0	0	0	0	1	0
D114E	0	0	0	0	1	0
K115P	0	0	0	0	1	0
R116Y	0	0	0	0	1	0
T117V	0	0	0	0	1	0
L118S	0	0	0	0	1	0
V120D	0	0	0	0	1	0
M121L	0	0	0	0	1	0
S123D	0	0	0	0	1	0
Q124K	0	0	0	0	1	0
V125C	0	0	0	0	1	0
L126Y	0	0	0	0	1	0
S127Q	0	0	0	0	1	0
I128F	0	0	0	0	1	0
C129A	0	0	0	0	1	0
P130L	0	0	0	0	1	0
W131G	0	0	0	0	1	0
T132Q	0	0	0	0	1	0
N134T	0	0	0	0	1	0
N135T	0	0	0	0	1	0
T136L	0	0	0	0	1	0
K137N	0	0	0	0	1	0
Q138N	0	0	0	0	1	0
R139V	0	0	0	0	1	0
A140L	0	0	0	0	1	0
F141M	0	0	0	0	1	0
K142C	0	0	0	0	1	0
T145N	0	0	0	0	1	0
D146N	0	0	0	0.1429	1	1
P147T	0	0	0	0	1	0
L148V	0	0	0	0	1	0
S149R	0	0	0	0	1	0
S151R	0	0	0	0	1	0
I159M	0	0	0	0	1	0
D160N	0	0	0	0	1	0
V162L	0	0	0	0	1	0
C164V	0	0	0	0	1	0
S165P	0	0	0	0	1	0
P167H	0	0	0	0	1	0
S168L	0	0	0	0	1	0
D170T	0	0	0	0	1	0
Q171K	0	0	0	0	1	0
A172Q	0	0	0	0	1	0
S173V	0	0	0	0	1	0
V174C	0	0	0	0	1	0
H175I	0	0	0	0	1	0
S176A	0	0	0	0	1	0
M177W	0	0	0	0	1	0
V178S	0	0	0	0	1	0
Q179S	0	0	0	0	1	0
L180S	0	0	0	0	1	0
K181S	0	0	0	0	1	0
L182C	0	0	0	0	1	0
S183H	0	0	0	0	1	0
R184D	0	0	0	0	1	0
K189L	0	0	0	0	1	0
S190H	0	0	0	0	1	0
M191V	0	0	0	0	1	0
L207I	0	0	0	0	1	0
G211R	0	0	0	0	1	0
K212L	0	0	0	0	1	0
C213V	0	0	0	0	1	0
N214D	0	0	0	0	1	0
C215S	0	0	0	0	1	0
L216V	0	0	0	0	1	0
L218V	0	0	0	0	1	0
Q219S	0	0	0	0	1	0
E221S	0	0	0	0	1	0
A222N	0	0	0	0	1	0
R233V	0	0	0	0	1	0
F240T	0	0	0	0	1	0
M241V	0	0	0	0	1	0
Q243M	0	0	0	0	1	0
R244T	0	0	0	0	1	0
Y245D	0	0	0	0	1	0
S246G	0	0	0	0	1	0
Q247N	0	0	0	0	1	0
N248A	0	0	0	0	1	0
P249T	0	0	0	0	1	0
V251G	0	0	0	0	1	0
R252L	0	0	0	0	1	0
M253I	0	0	0	0	1	0
R254V	0	0	0	0	1	0
Y256F	0	0	0	0	1	0
S263K	0	0	0	0	1	0
N264A	0	0	0	0	1	0
W266T	0	0	0	0	1	0
C268I	0	0	0	0	1	0
Y270F	0	0	0	0	1	0
R271I	0	0	0	0	1	0
K272E	0	0	0	0	1	0
S273E	0	0	0	0	1	0
Y274G	0	0	0	0	1	0
N275K	0	0	0	0	1	0
T276I	0	0	0	0	1	0
I277V	0	0	0	0	1	0
G279T	0	0	0	0	1	0
G280S	0	0	0	0	1	0
E281K	0	0	0	0	1	0
N282L	0	0	0	0	1	0
R283S	0	0	0	0	1	0
S284G	0	0	0	0	1	0
Y285S	0	0	0	0	1	0
I288H	0	0	0	0	1	0
R290E	0	0	0	0	1	0
K291E	0	0	0	0	1	0
A294C	0	0	0	0	1	0
C295Y	0	0	0	0	1	0
R296P	0	0	0	0	1	0
V298Y	0	0	0	0	1	0
L299P	0	0	0	0	1	0
L300G	0	0	0	0	1	0
L301V	0	0	0	0	1	0
S302R	0	0	0	0	1	0
S303C	0	0	0	0	1	0
I304V	0	0	0	0	1	0
W306F	0	0	0	0	1	0
C307I	0	0	0	0	1	0
Q308L	0	0	0	0	1	0
M309A	0	0	0	0	1	0
L311R	0	0	0	0	1	0
Q312D	0	0	0	0	1	0
R313N	0	0	0	0	1	0
Q314W	0	0	0	0	1	0
L315K	0	0	0	0	1	0
E316G	0	0	0	0	1	0
R317S	0	0	0	0	1	0
I318N	0	0	0	0	1	0
Q319R	0	0	0	0	1	0
A321I	0	0	0	0	1	0
H322I	0	0	0	0	1	0
H323D	0	0	0	0	1	0
R324I	0	0	0	0	1	0
Y325N	0	0	0	0	1	0
K326I	0	0	0	0	1	0
H327K	0	0	0	0	1	0
K328D	0	0	0	0	1	0
H3N	0	0.1429	0.2857	0.2857	0	1
V139C	0	0	0	0	0	1
D248N	0	0	0	0	0	1
A286K	0	0	0	0	0	1
C323H	0	0.1429	0.2857	0.2857	0	1
