2018	K41N	1	0.0294095748641203
2018	E45K	1	0.0294095748641203
2021	S1I	1	0.00370349534953496
2021	H2S	1	0.00370349534953496
2021	N3T	1	0.00370349534953496
2021	F4I	1	0.00370349534953496
2021	H5C	1	0.00370349534953496
2021	N6F	1	0.00370349534953496
2021	M7F	1	0.00370349534953496
2021	L8M	1	0.00370349534953496
2021	L9Q	1	0.00370349534953496
2021	H10I	1	0.00370349534953496
2021	N12I	1	0.00370349534953496
2021	C13L	1	0.00370349534953496
2021	H14I	1	0.00370349534953496
2021	P15T	1	0.00370349534953496
2021	D16T	1	0.00370349534953496
2021	N17S	1	0.00370349534953496
2021	C19V	1	0.00370349534953496
2021	N20T	1	0.00370349534953496
2021	I21L	1	0.00370349534953496
2021	A22H	1	0.00370349534953496
2021	A26Y	1	0.00370349534953496
2021	I27E	1	0.00370349534953496
2021	I28F	1	0.00370349534953496
2021	Q29N	1	0.00370349534953496
2021	L30S	1	0.00370349534953496
2021	K33N	1	0.00370349534953496
2021	P35Q	1	0.00370349534953496
2021	S36V	1	0.00370349534953496
2021	D37M	1	0.00370349534953496
2021	A38L	1	0.00370349534953496
2021	V39C	1	0.00370349534953496
2021	T40E	1	0.00370349534953496
2021	N41P	1	0.00370349534953496
2021	N42T	1	0.00370349534953496
2021	N43I	1	0.00370349534953496
2021	R44I	1	0.00370349534953496
2021	K45E	1	0.00370349534953496
2021	K46R	1	0.00370349534953496
2021	H47N	1	0.00370349534953496
2021	N48I	1	0.00370349534953496
2021	R49T	1	0.00370349534953496
2021	D50E	1	0.00370349534953496
2021	S51I	1	0.00370349534953496
2021	F53Y	1	0.00370349534953496
2021	D54L	1	0.00370349534953496
2021	Q55T	1	0.00370349534953496
2021	H56N	1	0.00370349534953496
2021	H57T	1	0.00370349534953496
2021	H58T	1	0.00370349534953496
2021	R59I	1	0.00370349534953496
2021	G61K	1	0.00370349534953496
2021	N62E	1	0.00370349534953496
2021	M63I	1	0.00370349534953496
2021	Q66K	1	0.00370349534953496
2021	T67P	1	0.00370349534953496
2021	S68A	1	0.00370349534953496
2021	R69E	1	0.00370349534953496
2021	I70Y	1	0.00370349534953496
2021	Q71R	1	0.00370349534953496
2021	K72N	1	0.00370349534953496
2021	H80S	1	0.00370349534953496
2021	Y81K	1	0.00370349534953496
2021	R82P	1	0.00370349534953496
2021	I83Q	1	0.00370349534953496
2021	T85G	1	0.00370349534953496
2021	F86I	1	0.00370349534953496
2021	L87T	1	0.00370349534953496
2021	D91A	1	0.00370349534953496
2021	A92P	1	0.00370349534953496
2021	R94S	1	0.00370349534953496
2021	W109V	1	0.00370349534953496
2021	G110T	1	0.00370349534953496
2021	H111R	1	0.00370349534953496
2021	D114E	1	0.00370349534953496
2021	K115P	1	0.00370349534953496
2021	R116Y	1	0.00370349534953496
2021	T117V	1	0.00370349534953496
2021	L118S	1	0.00370349534953496
2021	V120D	1	0.00370349534953496
2021	M121L	1	0.00370349534953496
2021	S123D	1	0.00370349534953496
2021	Q124K	1	0.00370349534953496
2021	V125C	1	0.00370349534953496
2021	L126Y	1	0.00370349534953496
2021	S127Q	1	0.00370349534953496
2021	I128F	1	0.00370349534953496
2021	C129A	1	0.00370349534953496
2021	P130L	1	0.00370349534953496
2021	W131G	1	0.00370349534953496
2021	T132Q	1	0.00370349534953496
2021	N134T	1	0.00370349534953496
2021	N135T	1	0.00370349534953496
2021	T136L	1	0.00370349534953496
2021	K137N	1	0.00370349534953496
2021	Q138N	1	0.00370349534953496
2021	R139V	1	0.00370349534953496
2021	A140L	1	0.00370349534953496
2021	F141M	1	0.00370349534953496
2021	K142C	1	0.00370349534953496
2021	T145N	1	0.00370349534953496
2021	D146N	1	0.0294095748641203
2021	P147T	1	0.00370349534953496
2021	L148V	1	0.00370349534953496
2021	S149R	1	0.00370349534953496
2021	S151R	1	0.00370349534953496
2021	I159M	1	0.00370349534953496
2021	D160N	1	0.00370349534953496
2021	V162L	1	0.00370349534953496
2021	C164V	1	0.00370349534953496
2021	S165P	1	0.00370349534953496
2021	P167H	1	0.00370349534953496
2021	S168L	1	0.00370349534953496
2021	D170T	1	0.00370349534953496
2021	Q171K	1	0.00370349534953496
2021	A172Q	1	0.00370349534953496
2021	S173V	1	0.00370349534953496
2021	V174C	1	0.00370349534953496
2021	H175I	1	0.00370349534953496
2021	S176A	1	0.00370349534953496
2021	M177W	1	0.00370349534953496
2021	V178S	1	0.00370349534953496
2021	Q179S	1	0.00370349534953496
2021	L180S	1	0.00370349534953496
2021	K181S	1	0.00370349534953496
2021	L182C	1	0.00370349534953496
2021	S183H	1	0.00370349534953496
2021	R184D	1	0.00370349534953496
2021	K189L	1	0.00370349534953496
2021	S190H	1	0.00370349534953496
2021	M191V	1	0.00370349534953496
2021	L207I	1	0.00370349534953496
2021	G211R	1	0.00370349534953496
2021	K212L	1	0.00370349534953496
2021	C213V	1	0.00370349534953496
2021	N214D	1	0.00370349534953496
2021	C215S	1	0.00370349534953496
2021	L216V	1	0.00370349534953496
2021	L218V	1	0.00370349534953496
2021	Q219S	1	0.00370349534953496
2021	E221S	1	0.00370349534953496
2021	A222N	1	0.00370349534953496
2021	R233V	1	0.00370349534953496
2021	F240T	1	0.00370349534953496
2021	M241V	1	0.00370349534953496
2021	Q243M	1	0.00370349534953496
2021	R244T	1	0.00370349534953496
2021	Y245D	1	0.00370349534953496
2021	S246G	1	0.00370349534953496
2021	Q247N	1	0.00370349534953496
2021	N248A	1	0.00370349534953496
2021	P249T	1	0.00370349534953496
2021	V251G	1	0.00370349534953496
2021	R252L	1	0.00370349534953496
2021	M253I	1	0.00370349534953496
2021	R254V	1	0.00370349534953496
2021	Y256F	1	0.00370349534953496
2021	S263K	1	0.00370349534953496
2021	N264A	1	0.00370349534953496
2021	W266T	1	0.00370349534953496
2021	C268I	1	0.00370349534953496
2021	Y270F	1	0.00370349534953496
2021	R271I	1	0.00370349534953496
2021	K272E	1	0.00370349534953496
2021	S273E	1	0.00370349534953496
2021	Y274G	1	0.00370349534953496
2021	N275K	1	0.00370349534953496
2021	T276I	1	0.00370349534953496
2021	I277V	1	0.00370349534953496
2021	G279T	1	0.00370349534953496
2021	G280S	1	0.00370349534953496
2021	E281K	1	0.00370349534953496
2021	N282L	1	0.00370349534953496
2021	R283S	1	0.00370349534953496
2021	S284G	1	0.00370349534953496
2021	Y285S	1	0.00370349534953496
2021	I288H	1	0.00370349534953496
2021	R290E	1	0.00370349534953496
2021	K291E	1	0.00370349534953496
2021	A294C	1	0.00370349534953496
2021	C295Y	1	0.00370349534953496
2021	R296P	1	0.00370349534953496
2021	V298Y	1	0.00370349534953496
2021	L299P	1	0.00370349534953496
2021	L300G	1	0.00370349534953496
2021	L301V	1	0.00370349534953496
2021	S302R	1	0.00370349534953496
2021	S303C	1	0.00370349534953496
2021	I304V	1	0.00370349534953496
2021	W306F	1	0.00370349534953496
2021	C307I	1	0.00370349534953496
2021	Q308L	1	0.00370349534953496
2021	M309A	1	0.00370349534953496
2021	L311R	1	0.00370349534953496
2021	Q312D	1	0.00370349534953496
2021	R313N	1	0.00370349534953496
2021	Q314W	1	0.00370349534953496
2021	L315K	1	0.00370349534953496
2021	E316G	1	0.00370349534953496
2021	R317S	1	0.00370349534953496
2021	I318N	1	0.00370349534953496
2021	Q319R	1	0.00370349534953496
2021	A321I	1	0.00370349534953496
2021	H322I	1	0.00370349534953496
2021	H323D	1	0.00370349534953496
2021	R324I	1	0.00370349534953496
2021	Y325N	1	0.00370349534953496
2021	K326I	1	0.00370349534953496
2021	H327K	1	0.00370349534953496
2021	K328D	1	0.00370349534953496
2022	H3N	1	0.00370349534953496
2022	V139C	1	0.00370349534953496
2022	D248N	1	0.00370349534953496
2022	A286K	1	0.00370349534953496
2022	C323H	1	0.00370349534953496
