2018	I1S	1	0.00660315764482431
2018	S2H	1	0.00660315764482431
2018	I4F	1	0.00660315764482431
2018	C5H	1	0.00660315764482431
2018	F6N	1	0.00660315764482431
2018	F7M	1	0.00660315764482431
2018	M8L	1	0.00660315764482431
2018	Q9L	1	0.00660315764482431
2018	I10H	1	0.00660315764482431
2018	I12N	1	0.00660315764482431
2018	L13C	1	0.00660315764482431
2018	I14H	1	0.00660315764482431
2018	T15P	1	0.00660315764482431
2018	T16D	1	0.00660315764482431
2018	V17N	1	0.00660315764482431
2018	T18Y	1	0.00660315764482431
2018	L19C	1	0.00660315764482431
2018	H20N	1	0.00660315764482431
2018	F21I	1	0.00660315764482431
2018	K22A	1	0.00660315764482431
2018	Q23F	1	0.00660315764482431
2018	Y24Q	1	0.00660315764482431
2018	F26I	1	0.00660315764482431
2018	N27I	1	0.00660315764482431
2018	S28Q	1	0.00660315764482431
2018	P29L	1	0.00660315764482431
2018	N31P	1	0.00660315764482431
2018	N32K	1	0.00660315764482431
2018	Q33P	1	0.00660315764482431
2018	V34S	1	0.00660315764482431
2018	M35D	1	0.00660315764482431
2018	L36A	1	0.00660315764482431
2018	C37V	1	0.00660315764482431
2018	E38T	1	0.00660315764482431
2018	P39N	1	0.00660315764482431
2018	T40N	1	0.00660315764482431
2018	I41N	1	0.00660315764482431
2018	I42R	1	0.00660315764482431
2018	E43K	1	0.00660315764482431
2018	R44K	1	0.00660315764482431
2018	N45H	1	0.00660315764482431
2018	I46N	1	0.00660315764482431
2018	T47R	1	0.00660315764482431
2018	E48D	1	0.00660315764482431
2018	I49S	1	0.00660315764482431
2018	Y51F	1	0.00660315764482431
2018	L52D	1	0.00660315764482431
2018	T53Q	1	0.00660315764482431
2018	N54H	1	0.00660315764482431
2018	T55H	1	0.00660315764482431
2018	I57R	1	0.00660315764482431
2018	K59G	1	0.00660315764482431
2018	E60N	1	0.00660315764482431
2018	I61M	1	0.00660315764482431
2018	A66Q	1	0.00660315764482431
2018	E67T	1	0.00660315764482431
2018	Y68S	1	0.00660315764482431
2018	N78M	1	0.00660315764482431
2018	S80H	1	0.00660315764482431
2018	K81Y	1	0.00660315764482431
2018	P82R	1	0.00660315764482431
2018	Q83I	1	0.00660315764482431
2018	G85T	1	0.00660315764482431
2018	I86F	1	0.00660315764482431
2018	T87L	1	0.00660315764482431
2018	K94Q	1	0.00660315764482431
2018	D95F	1	0.00660315764482431
2018	N96D	1	0.00660315764482431
2018	S97A	1	0.00660315764482431
2018	I98F	1	0.00660315764482431
2018	V108W	1	0.00660315764482431
2018	T109G	1	0.00660315764482431
2018	R110H	1	0.00660315764482431
2018	P114K	1	0.00660315764482431
2018	Y115R	1	0.00660315764482431
2018	V116T	1	0.00660315764482431
2018	S117L	1	0.00660315764482431
2018	D119V	1	0.00660315764482431
2018	P120M	1	0.00660315764482431
2018	D121R	1	0.00660315764482431
2018	K122S	1	0.00660315764482431
2018	C123Q	1	0.00660315764482431
2018	Y124V	1	0.00660315764482431
2018	Q125L	1	0.00660315764482431
2018	T132S	1	0.00660315764482431
2018	T133I	1	0.00660315764482431
2018	L134C	1	0.00660315764482431
2018	N135P	1	0.00660315764482431
2018	N136W	1	0.00660315764482431
2018	V137T	1	0.00660315764482431
2018	H138G	1	0.00660315764482431
2018	S139N	1	0.00660315764482431
2018	N141T	1	0.00660315764482431
2018	T145A	1	0.00660315764482431
2018	R147K	1	0.00660315764482431
2018	D148H	1	0.00660315764482431
2018	R149S	1	0.00660315764482431
2018	P151D	1	0.00660315764482431
2018	Y152P	1	0.00660315764482431
2018	R153L	1	0.00660315764482431
2018	T154S	1	0.00660315764482431
2018	L155D	1	0.00660315764482431
2018	L156S	1	0.00660315764482431
2018	M157I	1	0.00660315764482431
2018	N158D	1	0.00660315764482431
2018	L160V	1	0.00660315764482431
2018	V162C	1	0.00660315764482431
2018	P163S	1	0.00660315764482431
2018	H165P	1	0.00660315764482431
2018	L166S	1	0.00660315764482431
2018	S176D	1	0.00660315764482431
2018	S177Q	1	0.00660315764482431
2018	S178A	1	0.00660315764482431
2018	C180V	1	0.00660315764482431
2018	G183M	1	0.00660315764482431
2018	K184V	1	0.00660315764482431
2018	A185Q	1	0.00660315764482431
2018	W186L	1	0.00660315764482431
2018	T192K	1	0.00660315764482431
2018	G193L	1	0.00660315764482431
2018	D194S	1	0.00660315764482431
2018	D195R	1	0.00660315764482431
2018	K196W	1	0.00660315764482431
2018	N197K	1	0.00660315764482431
2018	A198S	1	0.00660315764482431
2018	T199M	1	0.00660315764482431
2018	S201A	1	0.00660315764482431
2018	F202C	1	0.00660315764482431
2018	I203L	1	0.00660315764482431
2018	R207G	1	0.00660315764482431
2018	L208K	1	0.00660315764482431
2018	V209C	1	0.00660315764482431
2018	D218N	1	0.00660315764482431
2018	I219C	1	0.00660315764482431
2018	R221H	1	0.00660315764482431
2018	T222L	1	0.00660315764482431
2018	E224W	1	0.00660315764482431
2018	S225E	1	0.00660315764482431
2018	E226A	1	0.00660315764482431
2018	V228R	1	0.00660315764482431
2018	V236C	1	0.00660315764482431
2018	V237F	1	0.00660315764482431
2018	T239V	1	0.00660315764482431
2018	D240Q	1	0.00660315764482431
2018	G241R	1	0.00660315764482431
2018	N242Y	1	0.00660315764482431
2018	A243S	1	0.00660315764482431
2018	T244Q	1	0.00660315764482431
2018	G245D	1	0.00660315764482431
2018	K246P	1	0.00660315764482431
2018	A247G	1	0.00660315764482431
2018	D248V	1	0.00660315764482431
2018	T249R	1	0.00660315764482431
2018	K250M	1	0.00660315764482431
2018	I257L	1	0.00660315764482431
2018	E258Y	1	0.00660315764482431
2018	E259S	1	0.00660315764482431
2018	G260S	1	0.00660315764482431
2018	K261N	1	0.00660315764482431
2018	I262D	1	0.00660315764482431
2018	V263W	1	0.00660315764482431
2018	H264K	1	0.00660315764482431
2018	T265C	1	0.00660315764482431
2018	S266Y	1	0.00660315764482431
2018	K267R	1	0.00660315764482431
2018	L268K	1	0.00660315764482431
2018	G270Y	1	0.00660315764482431
2018	S271N	1	0.00660315764482431
2018	A272T	1	0.00660315764482431
2018	Q273I	1	0.00660315764482431
2018	V275G	1	0.00660315764482431
2018	E276G	1	0.00660315764482431
2018	C278N	1	0.00660315764482431
2018	S279R	1	0.00660315764482431
2018	C280S	1	0.00660315764482431
2018	R283Q	1	0.00660315764482431
2018	Y284I	1	0.00660315764482431
2018	P285V	1	0.00660315764482431
2018	G286R	1	0.00660315764482431
2018	V287K	1	0.00660315764482431
2018	R288C	1	0.00660315764482431
2018	C289S	1	0.00660315764482431
2018	V290A	1	0.00660315764482431
2018	D293R	1	0.00660315764482431
2018	N294V	1	0.00660315764482431
2018	W295L	1	0.00660315764482431
2018	K296L	1	0.00660315764482431
2018	G297L	1	0.00660315764482431
2018	N299S	1	0.00660315764482431
2018	R300I	1	0.00660315764482431
2018	P301S	1	0.00660315764482431
2018	I302W	1	0.00660315764482431
2018	V303C	1	0.00660315764482431
2018	D304Q	1	0.00660315764482431
2018	I305M	1	0.00660315764482431
2018	N306C	1	0.00660315764482431
2018	I307L	1	0.00660315764482431
2018	K308Q	1	0.00660315764482431
2018	D309R	1	0.00660315764482431
2018	H310Q	1	0.00660315764482431
2018	S311L	1	0.00660315764482431
2018	I312E	1	0.00660315764482431
2018	V313R	1	0.00660315764482431
2018	S314I	1	0.00660315764482431
2018	S315Q	1	0.00660315764482431
2018	Y316P	1	0.00660315764482431
2018	V317A	1	0.00660315764482431
2018	C318H	1	0.00660315764482431
2018	G320R	1	0.00660315764482431
2018	L321Y	1	0.00660315764482431
2018	V322K	1	0.00660315764482431
2018	G323H	1	0.00660315764482431
2018	T325G	1	0.00660315764482431
2018	P326S	1	0.00660315764482431
2018	R327H	1	0.00660315764482431
2018	K328C	1	0.00660315764482431
2018	E25A	0.8571	0.0236727311416108
2018	T56H	0.8571	0.0236727311416108
2018	E113D	0.8571	0.0236727311416108
2018	V146F	0.8571	0.0236727311416108
2021	H2S	0.8571	0.0236727311416108
2021	L8M	0.8571	0.0236727311416108
2021	L9Q	0.8571	0.0236727311416108
2021	C19L	0.8571	0.0236727311416108
2021	N20H	0.8571	0.0236727311416108
2021	I27N	0.8571	0.0236727311416108
2021	Q28S	0.8571	0.0236727311416108
2021	V37C	0.8571	0.0236727311416108
2021	K43E	0.8571	0.0236727311416108
2021	H56T	0.8571	0.0236727311416108
2021	Q66A	0.8571	0.0236727311416108
2021	R82P	0.8571	0.0236727311416108
2021	T85G	0.8571	0.0236727311416108
2021	D96N	0.8571	0.0236727311416108
2021	H110R	0.8571	0.0236727311416108
2021	D113E	0.8571	0.0236727311416108
2021	V124Y	0.8571	0.0236727311416108
2021	T137V	0.8571	0.0236727311416108
2021	N151P	0.8571	0.0236727311416108
2021	I157M	0.8571	0.0236727311416108
2021	Q177S	0.8571	0.0236727311416108
2021	C202F	0.8571	0.0236727311416108
2021	K208L	0.8571	0.0236727311416108
2021	E225S	0.8571	0.0236727311416108
2021	F237V	0.8571	0.0236727311416108
2021	R251I	0.8571	0.0236727311416108
2021	S260G	0.8571	0.0236727311416108
2021	N261K	0.8571	0.0236727311416108
2021	D262I	0.8571	0.0236727311416108
2021	W263V	0.8571	0.0236727311416108
2021	I273Q	0.8571	0.0236727311416108
2021	G276E	0.8571	0.0236727311416108
2021	K287V	0.8571	0.0236727311416108
2021	S301P	0.8571	0.0236727311416108
2021	I314S	0.8571	0.0236727311416108
2021	R320G	0.8571	0.0236727311416108
2021	C328K	0.8571	0.0236727311416108
2022	D151N	0.8571	0.0236727311416108
2022	G245N	0.8571	0.0236727311416108
2022	P282K	0.8571	0.0236727311416108
