I1S	0	1	1	1	0	0.8571
S2H	0	1	1	1	0	0.8571
I4F	0	1	1	1	0	0.8571
C5H	0	1	1	1	0	0.8571
F6N	0	1	1	1	0	0.8571
F7M	0	1	1	1	0	0.8571
M8L	0	1	1	1	0	0.8571
Q9L	0	1	1	1	0	0.8571
I10H	0	1	1	1	0	0.8571
I12N	0	1	1	1	0	0.8571
L13C	0	1	1	1	0	0.8571
I14H	0	1	1	1	0	0.8571
T15P	0	1	1	1	0	0.8571
T16D	0	1	1	1	0	0.8571
V17N	0	1	1	1	0	0.8571
T18Y	0	1	1	1	0	0.8571
L19C	0	1	1	1	0	0.8571
H20N	0	1	1	1	0	0.8571
F21I	0	1	1	1	0	0.8571
K22A	0	1	1	1	0	0.8571
Q23F	0	1	1	1	0	0.8571
Y24Q	0	1	1	1	0	0.8571
F26I	0	1	1	1	0	0.8571
N27I	0	1	1	1	0	0.8571
S28Q	0	1	1	1	0	0.8571
P29L	0	1	1	0.5714	0	0.8571
N31P	0	1	1	1	0	0.5714
N32K	0	1	1	1	0	0.8571
Q33P	0	1	1	1	0	0.8571
V34S	0	1	1	1	0	0.8571
M35D	0	1	1	1	0	0.8571
L36A	0	1	1	1	0	0.8571
C37V	0	1	1	1	0	0.8571
E38T	0	1	1	1	0	0.8571
P39N	0	1	1	1	0	0.8571
T40N	0	1	1	1	0	0.8571
I41N	0	1	1	1	0	0.8571
I42R	0	1	1	1	0	0.8571
E43K	0	1	1	1	0	0.8571
R44K	0	1	1	1	0	0.8571
N45H	0	1	1	1	0	0.8571
I46N	0	1	1	1	0	0.8571
T47R	0	1	1	1	0	0.8571
E48D	0	1	1	1	0	0.8571
I49S	0	1	1	1	0	0.8571
Y51F	0	1	1	1	0	0.8571
L52D	0	1	1	1	0	0.8571
T53Q	0	1	1	1	0	0.8571
N54H	0	1	1	1	0	0.8571
T55H	0	1	1	1	0	0.8571
I57R	0	1	1	1	0	0.8571
K59G	0	1	1	1	0	0.8571
E60N	0	1	1	0.5714	0	0.8571
I61M	0	1	1	1	0	0.8571
A66Q	0	1	1	1	0	0.8571
E67T	0	1	1	1	0	0.8571
Y68S	0	1	1	1	0	0.8571
N78M	0	1	1	1	0	0.8571
S80H	0	1	1	1	0	0.8571
K81Y	0	1	1	1	0	0.8571
P82R	0	1	1	1	0	0.8571
Q83I	0	1	1	1	0	0.8571
G85T	0	1	1	1	0	0.8571
I86F	0	1	1	1	0	0.8571
T87L	0	1	1	1	0	0.8571
K94Q	0	1	1	1	0	0.8571
D95F	0	1	1	1	0	0.8571
N96D	0	1	1	1	0	0.8571
S97A	0	1	1	1	0	0.8571
I98F	0	1	1	1	0	0.8571
V108W	0	1	1	1	0	0.8571
T109G	0	1	1	1	0	0.8571
R110H	0	1	1	1	0	0.8571
P114K	0	1	1	1	0	0.8571
Y115R	0	1	1	1	0	0.8571
V116T	0	1	1	1	0	0.8571
S117L	0	1	1	1	0	0.8571
D119V	0	1	1	1	0	0.8571
P120M	0	1	1	1	0	0.8571
D121R	0	1	1	1	0	0.8571
K122S	0	1	1	1	0	0.8571
C123Q	0	1	1	1	0	0.8571
Y124V	0	1	1	1	0	0.8571
Q125L	0	1	1	1	0	0.8571
T132S	0	1	1	1	0	0.8571
T133I	0	1	1	1	0	0.8571
L134C	0	1	1	1	0	0.8571
N135P	0	1	1	1	0	0.8571
N136W	0	1	1	1	0	0.8571
V137T	0	1	1	1	0	0.8571
H138G	0	1	1	1	0	0.8571
S139N	0	1	1	1	0	0.8571
N141T	0	1	1	1	0	0.8571
T145A	0	1	1	1	0	0.8571
R147K	0	1	1	1	0	0.8571
D148H	0	1	1	1	0	0.8571
R149S	0	1	1	1	0	0.8571
P151D	0	1	0.8571	0.7143	0	0
Y152P	0	1	1	1	0	0.8571
R153L	0	1	1	1	0	0.8571
T154S	0	1	1	1	0	0.8571
L155D	0	1	1	1	0	0.8571
L156S	0	1	1	1	0	0.8571
M157I	0	1	1	1	0	0.8571
N158D	0	1	1	1	0	0.8571
L160V	0	1	0.5714	1	0	0.8571
V162C	0	1	1	1	0	0.8571
P163S	0	1	1	1	0	0.8571
H165P	0	1	1	1	0	0.8571
L166S	0	1	1	1	0	0.8571
S176D	0	1	1	1	0	0.8571
S177Q	0	1	1	1	0	0.8571
S178A	0	1	1	1	0	0.8571
C180V	0	1	1	1	0	0.8571
G183M	0	1	1	1	0	0.8571
K184V	0	1	1	1	0	0.8571
A185Q	0	1	1	1	0	0.8571
W186L	0	1	1	1	0	0.8571
T192K	0	1	1	1	0	0.8571
G193L	0	1	1	1	0	0.8571
D194S	0	1	1	1	0	0.8571
D195R	0	1	1	1	0	0.8571
K196W	0	1	1	1	0	0.8571
N197K	0	1	1	1	0	0.8571
A198S	0	1	1	1	0	0.8571
T199M	0	1	1	1	0	0.8571
S201A	0	1	1	1	0	0.8571
F202C	0	1	1	1	0	0.8571
I203L	0	1	1	1	0	0.8571
R207G	0	1	1	1	0	0.8571
L208K	0	1	1	1	0	0.8571
V209C	0	1	1	1	0	0.8571
D218N	0	1	1	1	0	0.8571
I219C	0	1	1	1	0	0.8571
R221H	0	1	1	1	0	0.8571
T222L	0	1	1	1	0	0.8571
E224W	0	1	1	1	0	0.8571
S225E	0	1	1	1	0	0.8571
E226A	0	1	1	1	0	0.8571
V228R	0	1	1	1	0	0.8571
V236C	0	1	1	1	0	0.8571
V237F	0	1	1	1	0	0.8571
T239V	0	1	1	1	0	0.8571
D240Q	0	1	1	1	0	0.8571
G241R	0	1	1	1	0	0.8571
N242Y	0	1	1	1	0	0.8571
A243S	0	1	1	1	0	0.8571
T244Q	0	1	1	1	0	0.8571
G245D	0	1	1	1	0	0
K246P	0	1	1	1	0	0.8571
A247G	0	1	1	1	0	0.8571
D248V	0	1	1	1	0	0.8571
T249R	0	1	1	1	0	0.8571
K250M	0	1	1	1	0	0.8571
I257L	0	1	1	1	0	0.8571
E258Y	0	1	1	1	0	0.8571
E259S	0	1	1	1	0	0.8571
G260S	0	1	1	1	0	0.8571
K261N	0	1	1	1	0	0.8571
I262D	0	1	1	1	0	0.8571
V263W	0	1	1	1	0	0.8571
H264K	0	1	1	1	0	0.8571
T265C	0	1	1	1	0	0.8571
S266Y	0	1	1	1	0	0.8571
K267R	0	1	1	1	0	0.8571
L268K	0	1	1	1	0	0.8571
G270Y	0	1	0.4286	0.2857	0	0.8571
S271N	0	1	1	1	0	0.8571
A272T	0	1	1	1	0	0.8571
Q273I	0	1	1	1	0	0.8571
V275G	0	1	1	1	0	0.8571
E276G	0	1	1	1	0	0.8571
C278N	0	1	1	1	0	0.8571
S279R	0	1	1	1	0	0.8571
C280S	0	1	0.4286	1	0	0.8571
R283Q	0	1	1	1	0	0.8571
Y284I	0	1	1	1	0	0.8571
P285V	0	1	1	1	0	0.8571
G286R	0	1	1	1	0	0.8571
V287K	0	1	1	1	0	0.8571
R288C	0	1	1	1	0	0.8571
C289S	0	1	1	1	0	0.8571
V290A	0	1	1	1	0	0.8571
D293R	0	1	1	1	0	0.8571
N294V	0	1	1	1	0	0.8571
W295L	0	1	1	1	0	0.8571
K296L	0	1	1	1	0	0.8571
G297L	0	1	1	1	0	0.8571
N299S	0	1	1	1	0	0.5714
R300I	0	1	1	1	0	0.8571
P301S	0	1	1	1	0	0.8571
I302W	0	1	1	1	0	0.8571
V303C	0	1	1	1	0	0.8571
D304Q	0	1	1	1	0	0.8571
I305M	0	1	1	1	0	0.8571
N306C	0	1	1	1	0	0.8571
I307L	0	1	1	1	0	0.8571
K308Q	0	1	1	1	0	0.8571
D309R	0	1	1	1	0	0.8571
H310Q	0	1	1	1	0	0.8571
S311L	0	1	1	1	0	0.8571
I312E	0	1	1	1	0	0.8571
V313R	0	1	1	1	0	0.8571
S314I	0	1	1	1	0	0.8571
S315Q	0	1	1	1	0	0.8571
Y316P	0	1	1	1	0	0.8571
V317A	0	1	1	1	0	0.8571
C318H	0	1	1	1	0	0.8571
G320R	0	1	1	1	0	0.8571
L321Y	0	1	1	1	0	0.8571
V322K	0	1	1	1	0	0.8571
G323H	0	1	1	0.7143	0	0.8571
T325G	0	1	1	1	0	0.8571
P326S	0	1	1	1	0	0.8571
R327H	0	1	1	1	0	0.8571
K328C	0	1	1	1	0	0.8571
E25A	0	0.8571	0.8571	1	0	0.8571
T56H	0	0.8571	0.8571	1	0	0.8571
E113D	0	0.8571	0.8571	1	0	0.8571
V146F	0	0.8571	0.8571	1	0	0.8571
H2S	0	0	0	0	0.8571	0
L8M	0	0	0	0	0.8571	0
L9Q	0	0	0	0	0.8571	0
C19L	0	0	0	0	0.8571	0
N20H	0	0	0	0	0.8571	0
I27N	0	0	0	0	0.8571	0
Q28S	0	0	0	0	0.8571	0
V37C	0	0	0	0	0.8571	0
K43E	0	0	0	0	0.8571	0
H56T	0	0	0	0	0.8571	0
Q66A	0	0	0	0	0.8571	0
R82P	0	0	0	0	0.8571	0
T85G	0	0	0	0	0.8571	0
D96N	0	0	0	0	0.8571	0
H110R	0	0	0	0	0.8571	0
D113E	0	0	0	0	0.8571	0
V124Y	0	0	0	0	0.8571	0
T137V	0	0	0	0	0.8571	0
N151P	0	0	0	0	0.8571	0
I157M	0	0	0	0	0.8571	0
Q177S	0	0	0	0	0.8571	0
C202F	0	0	0	0	0.8571	0
K208L	0	0	0	0	0.8571	0
E225S	0	0	0	0	0.8571	0
F237V	0	0	0	0	0.8571	0
R251I	0	0	0	0	0.8571	0
S260G	0	0	0	0	0.8571	0
N261K	0	0	0	0	0.8571	0
D262I	0	0	0	0	0.8571	0
W263V	0	0	0	0	0.8571	0
I273Q	0	0	0	0	0.8571	0
G276E	0	0	0	0	0.8571	0
K287V	0	0	0	0	0.8571	0
S301P	0	0	0	0	0.8571	0
I314S	0	0	0	0	0.8571	0
R320G	0	0	0	0	0.8571	0
C328K	0	0	0	0	0.8571	0
D151N	0	0	0.1429	0.2857	0	0.8571
G245N	0	0	0	0	0	0.8571
P282K	0	0	0	0	0	0.8571
