2019	H22Q	0.8889	0.0295754160997374
2019	S99G	0.8889	0.0295754160997374
2021	L2V	1	0.000724836402585763
2021	S4A	1	0.000724836402585763
2021	L5Q	1	0.000724836402585763
2021	K13S	1	0.000724836402585763
2021	Y14T	1	0.000724836402585763
2021	L15A	1	0.000724836402585763
2021	E16T	1	0.000724836402585763
2021	M17L	1	0.000724836402585763
2021	T18C	1	0.000724836402585763
2021	I19L	1	0.000724836402585763
2021	A20G	1	0.000724836402585763
2021	R21H	1	0.000724836402585763
2021	Q22H	1	0.000724836402585763
2021	R23A	1	0.000724836402585763
2021	C24V	1	0.000724836402585763
2021	A25P	1	0.000724836402585763
2021	L26N	1	0.000724836402585763
2021	M29I	1	0.000724836402585763
2021	Q32T	1	0.000724836402585763
2021	Y33I	1	0.000724836402585763
2021	Q34T	1	0.000724836402585763
2021	T35N	1	0.000724836402585763
2021	E36D	1	0.000724836402585763
2021	K39E	1	0.000724836402585763
2021	Q40V	1	0.000724836402585763
2021	S41T	1	0.000724836402585763
2021	Q42N	1	0.000724836402585763
2021	M43A	1	0.000724836402585763
2021	K61Q	1	0.000724836402585763
2021	L62I	1	0.000724836402585763
2021	M70L	1	0.000724836402585763
2021	L71I	1	0.000724836402585763
2021	L72D	1	0.000724836402585763
2021	S73A	1	0.000724836402585763
2021	W74L	1	0.000724836402585763
2021	F75L	1	0.000724836402585763
2021	R76G	1	0.000724836402585763
2021	I77D	1	0.000724836402585763
2021	V80C	1	0.000724836402585763
2021	K87E	1	0.000724836402585763
2021	Y88W	1	0.000724836402585763
2021	A89D	1	0.000724836402585763
2021	A90L	1	0.000724836402585763
2021	V91F	1	0.000724836402585763
2021	L92V	1	0.000724836402585763
2021	I93E	1	0.000724836402585763
2021	L96R	1	0.000724836402585763
2021	M97A	1	0.000724836402585763
2021	E98N	1	0.000724836402585763
2021	G99S	1	0.000724836402585763
2021	T100S	1	0.000724836402585763
2021	A101C	1	0.000724836402585763
2021	H102Y	1	0.000724836402585763
2021	M103P	1	0.000724836402585763
2021	L104Y	1	0.000724836402585763
2021	W110A	1	0.000724836402585763
2021	G111S	1	0.000724836402585763
2021	T112L	1	0.000724836402585763
2021	L113R	1	0.000724836402585763
2021	V115L	1	0.000724836402585763
2021	T116V	1	0.000724836402585763
2021	F122L	1	0.000724836402585763
2021	K123E	1	0.000724836402585763
2021	I124F	1	0.000724836402585763
2021	R125K	1	0.000724836402585763
2021	G127E	1	0.000724836402585763
2021	T128S	1	0.000724836402585763
2021	L130N	1	0.000724836402585763
2021	L131W	1	0.000724836402585763
2021	N132T	1	0.000724836402585763
2021	E133G	1	0.000724836402585763
2021	A134V	1	0.000724836402585763
2021	E135K	1	0.000724836402585763
2021	P136Q	1	0.000724836402585763
2021	T137N	1	0.000724836402585763
2021	A138G	1	0.000724836402585763
2021	V140S	1	0.000724836402585763
2021	T141S	1	0.000724836402585763
2021	L142A	1	0.000724836402585763
2021	M143C	1	0.000724836402585763
2021	M144I	1	0.000724836402585763
2021	C145R	1	0.000724836402585763
2021	R146G	1	0.000724836402585763
2021	V151F	1	0.000724836402585763
2021	M152F	1	0.000724836402585763
2021	P153S	1	0.000724836402585763
2021	P154R	1	0.000724836402585763
2021	G156N	1	0.000724836402585763
2021	H157W	1	0.000724836402585763
2021	P159T	1	0.000724836402585763
2021	H160S	1	0.000724836402585763
2021	P161L	1	0.000724836402585763
2021	A162N	1	0.000724836402585763
2021	H163N	1	0.000724836402585763
2021	W164I	1	0.000724836402585763
2021	S165Y	1	0.000724836402585763
2021	L166P	1	0.000724836402585763
2021	K167A	1	0.000724836402585763
2021	M168Q	1	0.000724836402585763
2021	K169N	1	0.000724836402585763
2021	A170V	1	0.000724836402585763
2021	S171T	1	0.000724836402585763
2021	I172M	1	0.000724836402585763
2021	L174P	1	0.000724836402585763
2021	E175N	1	0.000724836402585763
2021	S176K	1	0.000724836402585763
2021	N177E	1	0.000724836402585763
2021	K178Q	1	0.000724836402585763
2021	T179F	1	0.000724836402585763
2021	E180D	1	0.000724836402585763
2021	Q181K	1	0.000724836402585763
2021	V182L	1	0.000724836402585763
2021	L183Y	1	0.000724836402585763
2021	R184I	1	0.000724836402585763
2021	A185W	1	0.000724836402585763
2021	D187V	1	0.000724836402585763
2021	L188H	1	0.000724836402585763
2021	S192F	1	0.00362418201292882
2021	G197H	1	0.000724836402585763
2021	T199D	1	0.000724836402585763
2021	T201D	1	0.000724836402585763
2021	Y202K	1	0.000724836402585763
2021	I203N	1	0.000724836402585763
2021	H205F	1	0.000724836402585763
2021	T207L	1	0.000724836402585763
2021	L208F	1	0.000724836402585763
2021	C209A	1	0.000724836402585763
2021	T211S	1	0.000724836402585763
2021	R212S	1	0.000724836402585763
2021	N213G	1	0.000724836402585763
2021	N214R	1	0.000724836402585763
2021	L215I	1	0.000724836402585763
2021	R228S	1	0.000724836402585763
2021	R230K	1	0.000724836402585763
2021	T231R	1	0.000724836402585763
2021	K232S	1	0.000724836402585763
2021	S233Q	1	0.000724836402585763
2021	P234Q	1	0.000724836402585763
2021	C235A	1	0.000724836402585763
2021	L236V	1	0.000724836402585763
2021	L237I	1	0.000724836402585763
2021	N238P	1	0.000724836402585763
2021	H239N	1	0.000724836402585763
2021	Q240I	1	0.000724836402585763
2021	E241G	1	0.000724836402585763
2021	E242S	1	0.000724836402585763
2021	S243R	1	0.000724836402585763
2021	Q244P	1	0.000724836402585763
2021	Y245R	1	0.000724836402585763
2021	L246I	1	0.000724836402585763
2021	P247R	1	0.000724836402585763
2021	K248D	1	0.000724836402585763
2021	E249I	1	0.000724836402585763
2021	A250P	1	0.000724836402585763
2021	N251S	1	0.000724836402585763
2021	K252R	1	0.000724836402585763
2021	L253I	1	0.000724836402585763
2021	Q255I	1	0.000724836402585763
2021	I256Y	1	0.000724836402585763
2021	S257W	1	0.000724836402585763
2021	D258T	1	0.000724836402585763
2021	L259I	1	0.000724836402585763
2021	D260V	1	0.000724836402585763
2021	P261K	1	0.000724836402585763
2021	E262P	1	0.000724836402585763
2021	I264D	1	0.000724836402585763
2021	S265I	1	0.000724836402585763
2021	A267L	1	0.000724836402585763
2021	E268I	1	0.000724836402585763
2021	A269N	1	0.000724836402585763
2021	I271T	1	0.000724836402585763
2021	Q273N	1	0.000724836402585763
2021	N274L	1	0.000724836402585763
2021	R275I	1	0.000724836402585763
2021	E276A	1	0.000724836402585763
2021	T277P	1	0.000724836402585763
2021	L282K	1	0.000724836402585763
2021	T283I	1	0.000724836402585763
2021	A284R	1	0.000724836402585763
2021	Q285S	1	0.000724836402585763
2021	I287K	1	0.000724836402585763
2021	L288S	1	0.000724836402585763
2021	L289S	1	0.000724836402585763
2021	L290I	1	0.000724836402585763
2021	V292M	1	0.000724836402585763
2021	T293R	1	0.000724836402585763
2021	K295D	1	0.000724836402585763
2021	Y296A	1	0.000724836402585763
2021	E297P	1	0.000724836402585763
2021	V298I	1	0.000724836402585763
2021	A301C	1	0.000724836402585763
2021	Q302K	1	0.000724836402585763
2021	D303S	1	0.000724836402585763
2021	Q304E	1	0.000724836402585763
2021	M305C	1	0.000724836402585763
2021	A311I	1	0.000724836402585763
2021	S312T	1	0.000724836402585763
2021	L313P	1	0.000724836402585763
2021	A315G	1	0.000724836402585763
2021	L317I	1	0.000724836402585763
2021	Q318P	1	0.000724836402585763
2021	M319N	1	0.000724836402585763
2021	E320D	1	0.000724836402585763
2021	A321K	1	0.000724836402585763
2021	M324F	1	0.000724836402585763
2021	T325Q	1	0.000724836402585763
2021	R327V	1	0.000724836402585763
2021	S328N	1	0.000724836402585763
2022	W2L	0.8889	0.00362418201292882
2022	S14Y	0.8889	0.00362418201292882
2022	P78H	0.8889	0.00362418201292882
2022	T90A	0.8889	0.00362418201292882
2022	T132K	0.8889	0.00362418201292882
2022	I151V	0.8889	0.00362418201292882
2022	L184R	0.8889	0.00362418201292882
2022	D199A	0.8889	0.00362418201292882
2022	H202Y	0.8889	0.00362418201292882
2022	S206R	0.8889	0.00362418201292882
2022	V227I	0.8889	0.00362418201292882
2022	S234P	0.8889	0.00362418201292882
2022	M236L	0.8889	0.00362418201292882
2022	N310D	0.8889	0.00362418201292882
2022	I311V	0.8889	0.00362418201292882
2022	H327R	0.8889	0.00362418201292882
