H22Q	0	0.1111	0.8889	0.7778	0	0.8889
S99G	0	0.1111	0.8889	0.7778	0	0.8889
L2V	0	0	0	0	1	0.1111
S4A	0	0	0	0	1	0.1111
L5Q	0	0	0	0	1	0.1111
K13S	0	0	0	0	1	0.1111
Y14T	0	0	0	0	1	0.1111
L15A	0	0	0	0	1	0.1111
E16T	0	0	0	0	1	0.1111
M17L	0	0	0	0	1	0.1111
T18C	0	0	0	0	1	0.1111
I19L	0	0	0	0	1	0.1111
A20G	0	0	0	0	1	0.1111
R21H	0	0	0	0	1	0.1111
Q22H	0	0	0	0	1	0.1111
R23A	0	0	0	0	1	0.1111
C24V	0	0	0	0	1	0.1111
A25P	0	0	0	0	1	0.1111
L26N	0	0	0	0	1	0.1111
M29I	0	0	0	0	1	0.1111
Q32T	0	0	0	0	1	0.1111
Y33I	0	0	0	0	1	0.1111
Q34T	0	0	0	0	1	0.1111
T35N	0	0	0	0	1	0.1111
E36D	0	0	0	0	1	0.1111
K39E	0	0	0	0	1	0.1111
Q40V	0	0	0	0	1	0.1111
S41T	0	0	0	0	1	0.1111
Q42N	0	0	0	0	1	0.1111
M43A	0	0	0	0	1	0.1111
K61Q	0	0	0	0	1	0.1111
L62I	0	0	0	0	1	0.1111
M70L	0	0	0	0	1	0.1111
L71I	0	0	0	0	1	0.1111
L72D	0	0	0	0	1	0.1111
S73A	0	0	0	0	1	0.1111
W74L	0	0	0	0	1	0.1111
F75L	0	0	0	0	1	0.1111
R76G	0	0	0	0	1	0.1111
I77D	0	0	0	0	1	0.1111
V80C	0	0	0	0	1	0.1111
K87E	0	0	0	0	1	0.1111
Y88W	0	0	0	0	1	0.1111
A89D	0	0	0	0	1	0.1111
A90L	0	0	0	0	1	0.1111
V91F	0	0	0	0	1	0.1111
L92V	0	0	0	0	1	0.1111
I93E	0	0	0	0	1	0.1111
L96R	0	0	0	0	1	0.1111
M97A	0	0	0	0	1	0.1111
E98N	0	0	0	0	1	0.1111
G99S	0	0	0	0	1	0.1111
T100S	0	0	0	0	1	0.1111
A101C	0	0	0	0	1	0.1111
H102Y	0	0	0	0	1	0.1111
M103P	0	0	0	0	1	0.1111
L104Y	0	0	0	0	1	0.1111
W110A	0	0	0	0	1	0.1111
G111S	0	0	0	0	1	0.1111
T112L	0	0	0	0	1	0.1111
L113R	0	0	0	0	1	0.1111
V115L	0	0	0	0	1	0.1111
T116V	0	0	0	0	1	0.1111
F122L	0	0	0	0	1	0.1111
K123E	0	0	0	0	1	0.1111
I124F	0	0	0	0	1	0.1111
R125K	0	0	0	0	1	0.1111
G127E	0	0	0	0	1	0.1111
T128S	0	0	0	0	1	0.1111
L130N	0	0	0	0	1	0.1111
L131W	0	0	0	0	1	0.1111
N132T	0	0	0	0	1	0.1111
E133G	0	0	0	0	1	0.1111
A134V	0	0	0	0	1	0.1111
E135K	0	0	0	0	1	0.1111
P136Q	0	0	0	0	1	0.1111
T137N	0	0	0	0	1	0.1111
A138G	0	0	0	0	1	0.1111
V140S	0	0	0	0	1	0.1111
T141S	0	0	0	0	1	0.1111
L142A	0	0	0	0	1	0.1111
M143C	0	0	0	0	1	0.1111
M144I	0	0	0	0	1	0.1111
C145R	0	0	0	0	1	0.1111
R146G	0	0	0	0	1	0.1111
V151F	0	0	0	0	1	0.1111
M152F	0	0	0	0	1	0.1111
P153S	0	0	0	0	1	0.1111
P154R	0	0	0	0	1	0.1111
G156N	0	0	0	0	1	0.1111
H157W	0	0	0	0	1	0.1111
P159T	0	0	0	0	1	0.1111
H160S	0	0	0	0	1	0.1111
P161L	0	0	0	0	1	0.1111
A162N	0	0	0	0	1	0.1111
H163N	0	0	0	0	1	0.1111
W164I	0	0	0	0	1	0.1111
S165Y	0	0	0	0	1	0.1111
L166P	0	0	0	0	1	0.1111
K167A	0	0	0	0	1	0.1111
M168Q	0	0	0	0	1	0.1111
K169N	0	0	0	0	1	0.1111
A170V	0	0	0	0	1	0.1111
S171T	0	0	0	0	1	0.1111
I172M	0	0	0	0	1	0.1111
L174P	0	0	0	0	1	0.1111
E175N	0	0	0	0	1	0.1111
S176K	0	0	0	0	1	0.1111
N177E	0	0	0	0	1	0.1111
K178Q	0	0	0	0	1	0.1111
T179F	0	0	0	0	1	0.1111
E180D	0	0	0	0	1	0.1111
Q181K	0	0	0	0	1	0.1111
V182L	0	0	0	0	1	0.1111
L183Y	0	0	0	0	1	0.1111
R184I	0	0	0	0	1	0.1111
A185W	0	0	0	0	1	0.1111
D187V	0	0	0	0	1	0.1111
L188H	0	0	0	0	1	0.1111
S192F	0	0	0	0.1111	1	1
G197H	0	0	0	0	1	0.1111
T199D	0	0	0	0	1	0.1111
T201D	0	0	0	0	1	0.1111
Y202K	0	0	0	0	1	0.1111
I203N	0	0	0	0	1	0.1111
H205F	0	0	0	0	1	0.1111
T207L	0	0	0	0	1	0.1111
L208F	0	0	0	0	1	0.1111
C209A	0	0	0	0	1	0.1111
T211S	0	0	0	0	1	0.1111
R212S	0	0	0	0	1	0.1111
N213G	0	0	0	0	1	0.1111
N214R	0	0	0	0	1	0.1111
L215I	0	0	0	0	1	0.1111
R228S	0	0	0	0	1	0.1111
R230K	0	0	0	0	1	0.1111
T231R	0	0	0	0	1	0.1111
K232S	0	0	0	0	1	0.1111
S233Q	0	0	0	0	1	0.1111
P234Q	0	0	0	0	1	0.1111
C235A	0	0	0	0	1	0.1111
L236V	0	0	0	0	1	0.1111
L237I	0	0	0	0	1	0.1111
N238P	0	0	0	0	1	0.1111
H239N	0	0	0	0	1	0.1111
Q240I	0	0	0	0	1	0.1111
E241G	0	0	0	0	1	0.1111
E242S	0	0	0	0	1	0.1111
S243R	0	0	0	0	1	0.1111
Q244P	0	0	0	0	1	0.1111
Y245R	0	0	0	0	1	0.1111
L246I	0	0	0	0	1	0.1111
P247R	0	0	0	0	1	0.1111
K248D	0	0	0	0	1	0.1111
E249I	0	0	0	0	1	0.1111
A250P	0	0	0	0	1	0.1111
N251S	0	0	0	0	1	0.1111
K252R	0	0	0	0	1	0.1111
L253I	0	0	0	0	1	0.1111
Q255I	0	0	0	0	1	0.1111
I256Y	0	0	0	0	1	0.1111
S257W	0	0	0	0	1	0.1111
D258T	0	0	0	0	1	0.1111
L259I	0	0	0	0	1	0.1111
D260V	0	0	0	0	1	0.1111
P261K	0	0	0	0	1	0.1111
E262P	0	0	0	0	1	0.1111
I264D	0	0	0	0	1	0.1111
S265I	0	0	0	0	1	0.1111
A267L	0	0	0	0	1	0.1111
E268I	0	0	0	0	1	0.1111
A269N	0	0	0	0	1	0.1111
I271T	0	0	0	0	1	0.1111
Q273N	0	0	0	0	1	0.1111
N274L	0	0	0	0	1	0.1111
R275I	0	0	0	0	1	0.1111
E276A	0	0	0	0	1	0.1111
T277P	0	0	0	0	1	0.1111
L282K	0	0	0	0	1	0.1111
T283I	0	0	0	0	1	0.1111
A284R	0	0	0	0	1	0.1111
Q285S	0	0	0	0	1	0.1111
I287K	0	0	0	0	1	0.1111
L288S	0	0	0	0	1	0.1111
L289S	0	0	0	0	1	0.1111
L290I	0	0	0	0	1	0.1111
V292M	0	0	0	0	1	0.1111
T293R	0	0	0	0	1	0.1111
K295D	0	0	0	0	1	0.1111
Y296A	0	0	0	0	1	0.1111
E297P	0	0	0	0	1	0.1111
V298I	0	0	0	0	1	0.1111
A301C	0	0	0	0	1	0.1111
Q302K	0	0	0	0	1	0.1111
D303S	0	0	0	0	1	0.1111
Q304E	0	0	0	0	1	0.1111
M305C	0	0	0	0	1	0.1111
A311I	0	0	0	0	1	0.1111
S312T	0	0	0	0	1	0.1111
L313P	0	0	0	0	1	0.1111
A315G	0	0	0	0	1	0.1111
L317I	0	0	0	0	1	0.1111
Q318P	0	0	0	0	1	0.1111
M319N	0	0	0	0	1	0.1111
E320D	0	0	0	0	1	0.1111
A321K	0	0	0	0	1	0.1111
M324F	0	0	0	0	1	0.1111
T325Q	0	0	0	0	1	0.1111
R327V	0	0	0	0	1	0.1111
S328N	0	0	0	0	1	0.1111
W2L	0	0	0.1111	0.1111	0	0.8889
S14Y	0	0	0	0	0	0.8889
P78H	0	0	0	0	0	0.8889
T90A	0	0	0	0	0	0.8889
T132K	0	0	0	0	0	0.8889
I151V	0	0	0	0	0	0.8889
L184R	0	0	0.1111	0.1111	0	0.8889
D199A	0	0	0	0	0	0.8889
H202Y	0	0	0	0	0	0.8889
S206R	0	0	0	0	0	0.8889
V227I	0	0	0	0	0	0.8889
S234P	0	0	0	0	0	0.8889
M236L	0	0	0	0	0	0.8889
N310D	0	0	0	0	0	0.8889
I311V	0	0	0	0	0	0.8889
H327R	0	0	0.1111	0.1111	0	0.8889
