2019	R22Q	1	0.0202595958807927
2019	D94T	1	0.0202595958807927
2021	P55H	1	0.000794964269656472
2021	T172A	1	0.000794964269656472
2021	S4A	0.7778	0.0202595958807927
2021	L5Q	0.7778	0.0202595958807927
2021	K13S	0.7778	0.0202595958807927
2021	Y14T	0.7778	0.0202595958807927
2021	L15A	0.7778	0.0202595958807927
2021	E16T	0.7778	0.0202595958807927
2021	M17L	0.7778	0.0202595958807927
2021	T18C	0.7778	0.0202595958807927
2021	I19L	0.7778	0.0202595958807927
2021	A20G	0.7778	0.0202595958807927
2021	R21H	0.7778	0.0202595958807927
2021	Q22H	0.7778	0.0202595958807927
2021	R23A	0.7778	0.0202595958807927
2021	C24V	0.7778	0.0202595958807927
2021	A25P	0.7778	0.0202595958807927
2021	L26N	0.7778	0.0202595958807927
2021	M29I	0.7778	0.0202595958807927
2021	Q30V	0.7778	0.0202595958807927
2021	Y31K	0.7778	0.0202595958807927
2021	Q32T	0.7778	0.0202595958807927
2021	T33I	0.7778	0.0202595958807927
2021	E34T	0.7778	0.0202595958807927
2021	R35N	0.7778	0.0202595958807927
2021	K36D	0.7778	0.0202595958807927
2021	Q37R	0.7778	0.0202595958807927
2021	S38I	0.7778	0.0202595958807927
2021	Q39E	0.7778	0.0202595958807927
2021	M40V	0.7778	0.0202595958807927
2021	E42N	0.7778	0.0202595958807927
2021	L43A	0.7778	0.0202595958807927
2021	K44T	0.7778	0.0202595958807927
2021	L45E	0.7778	0.0202595958807927
2021	M47V	0.7778	0.0202595958807927
2021	L48Q	0.7778	0.0202595958807927
2021	L49N	0.7778	0.0202595958807927
2021	W51S	0.7778	0.0202595958807927
2021	V57I	0.7778	0.0202595958807927
2021	K58G	0.7778	0.0202595958807927
2021	Y59E	0.7778	0.0202595958807927
2021	A60I	0.7778	0.0202595958807927
2021	T61C	0.7778	0.0202595958807927
2021	V62N	0.7778	0.0202595958807927
2021	L63S	0.7778	0.0202595958807927
2021	I64P	0.7778	0.0202595958807927
2021	R65H	0.7778	0.0202595958807927
2021	S66Q	0.7778	0.0202595958807927
2021	L67I	0.7778	0.0202595958807927
2021	M68L	0.7778	0.0202595958807927
2021	E69D	0.7778	0.0202595958807927
2021	T71G	0.7778	0.0202595958807927
2021	A72N	0.7778	0.0202595958807927
2021	H73C	0.7778	0.0202595958807927
2021	M74T	0.7778	0.0202595958807927
2021	Y79L	0.7778	0.0202595958807927
2021	W80L	0.7778	0.0202595958807927
2021	T82D	0.7778	0.0202595958807927
2021	L83P	0.7778	0.0202595958807927
2021	S84Q	0.7778	0.0202595958807927
2021	V85C	0.7778	0.0202595958807927
2021	T86D	0.7778	0.0202595958807927
2021	A87G	0.7778	0.0202595958807927
2021	K89Q	0.7778	0.0202595958807927
2021	I90N	0.7778	0.0202595958807927
2021	R91K	0.7778	0.0202595958807927
2021	N92E	0.7778	0.0202595958807927
2021	G93W	0.7778	0.0202595958807927
2021	I94D	0.7778	0.0202595958807927
2021	F95L	0.7778	0.0202595958807927
2021	L96F	0.7778	0.0202595958807927
2021	L97V	0.7778	0.0202595958807927
2021	N98E	0.7778	0.0202595958807927
2021	E99R	0.7778	0.0202595958807927
2021	A100S	0.7778	0.0202595958807927
2021	E101R	0.7778	0.0202595958807927
2021	P102A	0.7778	0.0202595958807927
2021	T103N	0.7778	0.0202595958807927
2021	A104S	0.7778	0.0202595958807927
2021	A105S	0.7778	0.0202595958807927
2021	V106C	0.7778	0.0202595958807927
2021	T114Y	0.7778	0.0202595958807927
2021	L115A	0.7778	0.0202595958807927
2021	M116S	0.7778	0.0202595958807927
2021	M117L	0.7778	0.0202595958807927
2021	C118R	0.7778	0.0202595958807927
2021	R119S	0.7778	0.0202595958807927
2021	I120L	0.7778	0.0202595958807927
2021	M121V	0.7778	0.0202595958807927
2021	P122A	0.7778	0.0202595958807927
2021	P123S	0.7778	0.0202595958807927
2021	L124S	0.7778	0.0202595958807927
2021	H126T	0.7778	0.0202595958807927
2021	P128E	0.7778	0.0202595958807927
2021	H129F	0.7778	0.0202595958807927
2021	P130K	0.7778	0.0202595958807927
2021	A131N	0.7778	0.0202595958807927
2021	H132E	0.7778	0.0202595958807927
2021	S137T	0.7778	0.0202595958807927
2021	L138G	0.7778	0.0202595958807927
2021	K139V	0.7778	0.0202595958807927
2021	M140K	0.7778	0.0202595958807927
2021	K141Q	0.7778	0.0202595958807927
2021	A142N	0.7778	0.0202595958807927
2021	S143G	0.7778	0.0202595958807927
2021	I144T	0.7778	0.0202595958807927
2021	G145S	0.7778	0.0202595958807927
2021	L146S	0.7778	0.0202595958807927
2021	E147A	0.7778	0.0202595958807927
2021	S148C	0.7778	0.0202595958807927
2021	N149I	0.7778	0.0202595958807927
2021	K150R	0.7778	0.0202595958807927
2021	T151G	0.7778	0.0202595958807927
2021	E152S	0.7778	0.0202595958807927
2021	Q153S	0.7778	0.0202595958807927
2021	V154S	0.7778	0.0202595958807927
2021	L155S	0.7778	0.0202595958807927
2021	R156F	0.7778	0.0202595958807927
2021	A157F	0.7778	0.0202595958807927
2021	G158S	0.7778	0.0202595958807927
2021	D159R	0.7778	0.0202595958807927
2021	V161N	0.7778	0.0202595958807927
2021	V163L	0.7778	0.0202595958807927
2021	V164T	0.7778	0.0202595958807927
2021	F165S	0.7778	0.0202595958807927
2021	V167N	0.7778	0.0202595958807927
2021	D168N	0.7778	0.0202595958807927
2021	G170Y	0.7778	0.0202595958807927
2021	T173Q	0.7778	0.0202595958807927
2021	T174N	0.7778	0.0202595958807927
2021	Y190G	0.7778	0.0202595958807927
2021	I191V	0.7778	0.0202595958807927
2021	Q192H	0.7778	0.0202595958807927
2021	R194P	0.7778	0.0202595958807927
2021	T195D	0.7778	0.0202595958807927
2021	L196T	0.7778	0.0202595958807927
2021	C197D	0.7778	0.0202595958807927
2021	Q198K	0.7778	0.0202595958807927
2021	T199N	0.7778	0.0202595958807927
2021	R200Q	0.7778	0.0202595958807927
2021	N201F	0.7778	0.0202595958807927
2021	N202S	0.7778	0.0202595958807927
2021	T204F	0.7778	0.0202595958807927
2021	N205A	0.7778	0.0202595958807927
2021	C206Q	0.7778	0.0202595958807927
2021	T207S	0.7778	0.0202595958807927
2021	F208S	0.7778	0.0202595958807927
2021	G210R	0.7778	0.0202595958807927
2021	F211I	0.7778	0.0202595958807927
2021	I215V	0.7778	0.0202595958807927
2021	R216S	0.7778	0.0202595958807927
2021	R218K	0.7778	0.0202595958807927
2021	T219R	0.7778	0.0202595958807927
2021	K220S	0.7778	0.0202595958807927
2021	S221Q	0.7778	0.0202595958807927
2021	P222Q	0.7778	0.0202595958807927
2021	C223A	0.7778	0.0202595958807927
2021	L224V	0.7778	0.0202595958807927
2021	L225I	0.7778	0.0202595958807927
2021	N226P	0.7778	0.0202595958807927
2021	H227N	0.7778	0.0202595958807927
2021	Q228I	0.7778	0.0202595958807927
2021	E229G	0.7778	0.0202595958807927
2021	E230S	0.7778	0.0202595958807927
2021	S231R	0.7778	0.0202595958807927
2021	Q232P	0.7778	0.0202595958807927
2021	Y233R	0.7778	0.0202595958807927
2021	L234I	0.7778	0.0202595958807927
2021	P235R	0.7778	0.0202595958807927
2021	K236D	0.7778	0.0202595958807927
2021	E237I	0.7778	0.0202595958807927
2021	A238P	0.7778	0.0202595958807927
2021	N239S	0.7778	0.0202595958807927
2021	K240R	0.7778	0.0202595958807927
2021	L241I	0.7778	0.0202595958807927
2021	Q243I	0.7778	0.0202595958807927
2021	I244Y	0.7778	0.0202595958807927
2021	S245W	0.7778	0.0202595958807927
2021	D246T	0.7778	0.0202595958807927
2021	L247I	0.7778	0.0202595958807927
2021	D248V	0.7778	0.0202595958807927
2021	P249K	0.7778	0.0202595958807927
2021	E250P	0.7778	0.0202595958807927
2021	I252D	0.7778	0.0202595958807927
2021	S253I	0.7778	0.0202595958807927
2021	A255L	0.7778	0.0202595958807927
2021	E256I	0.7778	0.0202595958807927
2021	A257N	0.7778	0.0202595958807927
2021	I259T	0.7778	0.0202595958807927
2021	Q261N	0.7778	0.0202595958807927
2021	N264A	0.7778	0.0202595958807927
2021	R265P	0.7778	0.0202595958807927
2021	E266R	0.7778	0.0202595958807927
2021	T267G	0.7778	0.0202595958807927
2021	L270K	0.7778	0.0202595958807927
2021	T271I	0.7778	0.0202595958807927
2021	A272R	0.7778	0.0202595958807927
2021	Q273S	0.7778	0.0202595958807927
2021	I275K	0.7778	0.0202595958807927
2021	L276S	0.7778	0.0202595958807927
2021	L277S	0.7778	0.0202595958807927
2021	L278I	0.7778	0.0202595958807927
2021	V280M	0.7778	0.0202595958807927
2021	T281R	0.7778	0.0202595958807927
2021	K283D	0.7778	0.0202595958807927
2021	Y284A	0.7778	0.0202595958807927
2021	E285P	0.7778	0.0202595958807927
2021	V286I	0.7778	0.0202595958807927
2021	A289C	0.7778	0.0202595958807927
2021	Q290K	0.7778	0.0202595958807927
2021	D291S	0.7778	0.0202595958807927
2021	Q292E	0.7778	0.0202595958807927
2021	T293C	0.7778	0.0202595958807927
2021	V299I	0.7778	0.0202595958807927
2021	S300T	0.7778	0.0202595958807927
2021	L301P	0.7778	0.0202595958807927
2021	A303G	0.7778	0.0202595958807927
2021	L305I	0.7778	0.0202595958807927
2021	Q306P	0.7778	0.0202595958807927
2021	M307N	0.7778	0.0202595958807927
2021	E308D	0.7778	0.0202595958807927
2021	A309K	0.7778	0.0202595958807927
2021	M312F	0.7778	0.0202595958807927
2021	T313Q	0.7778	0.0202595958807927
2021	R315V	0.7778	0.0202595958807927
2021	S316N	0.7778	0.0202595958807927
2021	K317R	0.7778	0.0202595958807927
2021	M318I	0.7778	0.0202595958807927
2021	T323Y	0.7778	0.0202595958807927
2021	P325A	0.7778	0.0202595958807927
2021	V326C	0.7778	0.0202595958807927
2021	D328R	0.7778	0.0202595958807927
2022	S14Y	1	0.000794964269656472
2022	L149N	1	0.000794964269656472
2022	K153Q	1	0.000794964269656472
2022	L156R	1	0.000794964269656472
2022	S165F	1	0.000794964269656472
2022	H190Y	1	0.000794964269656472
2022	P194R	1	0.000794964269656472
2022	V215I	1	0.000794964269656472
2022	S222P	1	0.000794964269656472
2022	H315R	1	0.000794964269656472
2022	S224L	0.8889	0.00759632524338407
2022	A299V	0.8889	0.00759632524338407
2022	T61A	0.7778	0.0202595958807927
2022	N98K	0.7778	0.0202595958807927
2022	I120V	0.7778	0.0202595958807927
2022	N298D	0.7778	0.0202595958807927
